71401, 133.0, 71401, 1 
-----133.0원----- 
매수:133.071295, 132.0, -106, 1.0 
71395, 133.0, -6, 1.0 
매수:133.065187, 132.0, -6214, 1.36 
매수:133.0매도:134.059713, 132.0, -11688, 1.0 
54087, 133.0, -17314, 1.0 
54087, 133.0, -17314, 1.0 
54087, 133.0, -17314, 1.0 
65424, 133.0, -5977, 1.0 
65424, 133.0, -5977, 1.0 
71391, 133.0, -10, 1.0 
94066, 133.0, 22665, 1.0 
94066, 133.0, 22665, 1.0 
94066, 133.0, 22665, 1.0 
94066, 133.0, 22665, 1.0 
94066, 133.0, 22665, 1.0 
매수:133.0매도:134.093623, 132.0, 22222, 1.0 
93623, 132.0, 22222, 0.9 
매수:133.0매도:134.093516, 132.0, 22115, 1.0 
매수:133.0매도:134.087457, 132.0, 16056, 0.9 
94050, 133.0, 22649, 1.0 
93424, 132.0, 22023, 1.0 
93424, 132.0, 22023, 0.9 
93424, 132.0, 22023, 1.0 
93424, 132.0, 22023, 1.0 
93424, 132.0, 22023, 1.0 
93424, 132.0, 22023, 1.0 
93424, 132.0, 22023, 1.0 
93424, 132.0, 22023, 1.0 
93424, 132.0, 22023, 1.0 
94050, 133.0, 22649, 1.0 
94050, 133.0, 22649, 2.0 
94050, 133.0, 22649, 1.0 
94050, 133.0, 22649, 1.0 
94050, 133.0, 22649, 1.0 
94050, 133.0, 22649, 1.0 
93424, 132.0, 22023, 1.0 
93424, 132.0, 22023, 0.9 
93424, 132.0, 22023, 1.0 
93424, 132.0, 22023, 1.0 
93424, 132.0, 22023, 1.0 
93424, 132.0, 22023, 1.0 
93424, 132.0, 22023, 1.0 
93424, 132.0, 22023, 1.0 
93424, 132.0, 22023, 1.0 
93424, 132.0, 22023, 1.0 
93424, 132.0, 22023, 1.0 
94050, 133.0, 22649, 1.0 
93424, 132.0, 22023, 2.0 
93424, 132.0, 22023, 0.9 
93424, 132.0, 22023, 1.0 
93424, 132.0, 22023, 1.0 
93424, 132.0, 22023, 1.0 
93424, 132.0, 22023, 1.0 
93424, 132.0, 22023, 1.0 
93424, 132.0, 22023, 1.0 
93424, 132.0, 22023, 1.0 
93424, 132.0, 22023, 1.0 
93424, 132.0, 22023, 1.0 
93424, 132.0, 22023, 1.0 
93424, 132.0, 22023, 1.0 
93424, 132.0, 22023, 1.0 
93424, 132.0, 22023, 1.0 
93424, 132.0, 22023, 1.0 
93424, 132.0, 22023, 1.0 
93424, 132.0, 22023, 1.0 
93424, 132.0, 22023, 1.0 
99387, 132.0, 27986, 1.0 
99387, 132.0, 27986, 1.0 
99387, 132.0, 27986, 1.0 
99387, 132.0, 27986, 1.0 
99387, 132.0, 27986, 1.0 
99387, 132.0, 27986, 1.0 
99387, 132.0, 27986, 1.0 
99387, 132.0, 27986, 1.0 
86081, 132.0, 14680, 1.0 
86081, 132.0, 14680, 1.0 
86081, 132.0, 14680, 1.0 
86081, 132.0, 14680, 1.0 
86081, 132.0, 14680, 1.0 
86081, 132.0, 14680, 1.0 
86081, 132.0, 14680, 1.0 
86081, 132.0, 14680, 1.0 
86081, 132.0, 14680, 1.0 
486081, 132.0, 414680, 1.0 
472774, 132.0, 401373, 1.0 
472774, 132.0, 401373, 1.0 
472774, 132.0, 401373, 1.0 
472774, 132.0, 401373, 1.0 
472774, 132.0, 401373, 1.0 
472774, 132.0, 401373, 1.0 
472774, 132.0, 401373, 1.0 
472774, 132.0, 401373, 1.0 
472774, 132.0, 401373, 1.0 
472774, 132.0, 401373, 1.0 
472774, 132.0, 401373, 1.0 
472774, 132.0, 401373, 1.0 
472774, 132.0, 401373, 1.0 
472774, 132.0, 401373, 1.0 
472774, 132.0, 401373, 1.0 
472774, 132.0, 401373, 1.0 
매수:132.0매도:133.0472041, 131.0, 400640, 1.0 
매수:132.0매도:133.0471945, 131.0, 400544, 0.9 
458639, 131.0, 387238, 0.9 
458639, 131.0, 387238, 1.0 
445332, 131.0, 373931, 1.0 
432025, 131.0, 360624, 1.0 
418719, 131.0, 347318, 1.0 
394767, 131.0, 323366, 1.0 
매수:132.0매도:133.0394660, 131.0, 323259, 1.0 
395576, 132.0, 324175, 0.9 
395576, 132.0, 324175, 2.0 
395576, 132.0, 324175, 1.0 
395576, 132.0, 324175, 1.0 
395576, 132.0, 324175, 1.0 
395576, 132.0, 324175, 1.0 
395576, 132.0, 324175, 1.0 
395576, 132.0, 324175, 1.0 
395576, 132.0, 324175, 1.0 
395576, 132.0, 324175, 1.0 
395576, 132.0, 324175, 1.0 
486651, 132.0, 415250, 1.0 
486651, 132.0, 415250, 1.0 
486651, 132.0, 415250, 1.0 
486651, 132.0, 415250, 1.0 
486651, 132.0, 415250, 1.0 
486737, 132.0, 415336, 1.0 
486737, 132.0, 415336, 1.3 
486737, 132.0, 415336, 1.0 
486737, 132.0, 415336, 1.0 
486737, 132.0, 415336, 1.0 
473130, 132.0, 401729, 1.0 
473130, 132.0, 401729, 1.0 
473130, 132.0, 401729, 1.0 
473117, 132.0, 401716, 1.0 
473117, 132.0, 401716, 0.96 
473303, 132.0, 401902, 1.0 
473303, 132.0, 401902, 1.77 
473303, 132.0, 401902, 1.0 
473303, 132.0, 473303, 1 
-----132.0원----- 
474200, 133.0, 897, 1.0 
474386, 133.0, 1083, 1.0 
460379, 133.0, -12924, 1.76 
447683, 133.0, -25620, 1.0 
447954, 133.0, -25349, 1.0 
매도:133.0매수:132.0448040, 133.0, -25263, 2.0 
433733, 133.0, -39570, 1.3 
433819, 133.0, -39484, 1.0 
433819, 133.0, -39484, 1.3 
433819, 133.0, -39484, 1.0 
433819, 133.0, -39484, 1.0 
433989, 133.0, -39314, 1.0 
434125, 134.0, -39178, 1.68 
420978, 134.0, -52325, 1.51 
434202, 134.0, -39101, 1.0 
434202, 134.0, -39101, 1.0 
434202, 134.0, -39101, 1.0 
419794, 134.0, -53509, 1.0 
419880, 134.0, -53423, 1.0 
434373, 134.0, -38930, 1.3 
405158, 134.0, -68145, 1.0 
405243, 134.0, -68060, 1.0 
405243, 134.0, 405243, 1 
-----134.0원----- 
405379, 135.0, 136, 1.0 
405379, 135.0, 136, 1.0 
405550, 135.0, 307, 1.0 
405550, 135.0, 307, 1.67 
405550, 135.0, 307, 1.0 
405721, 135.0, 478, 1.0 
405721, 135.0, 478, 1.67 
매수:136.0405507, 135.0, 264, 1.0 
매수:136.0405315, 135.0, 72, 0.9 
405831, 136.0, 588, 0.9 
376416, 136.0, -28827, 2.0 
347202, 136.0, -58041, 1.0 
매수:137.0346988, 136.0, -58255, 1.0 
318327, 136.0, -86916, 0.9 
318327, 136.0, -86916, 1.0 
매수:136.0매도:137.0346963, 135.0, -58280, 1.0 
346427, 134.0, -58816, 1.0 
345891, 133.0, -59352, 0.9 
매수:134.0매도:135.0345699, 133.0, -59544, 0.9 
매수:134.0매도:135.0316492, 133.0, -88751, 0.9 
매수:134.0매도:135.0316279, 133.0, -88964, 1.0 
317375, 134.0, 317375, 1 
-----134.0원----- 
317375, 134.0, 0, 1.0 
매수:134.0매도:135.0316520, 133.0, -855, 1.0 
매수:134.0매도:135.0302117, 133.0, -15258, 0.9 
매수:134.0매도:135.0302010, 133.0, -15365, 1.0 
317964, 134.0, 589, 0.9 
매수:134.0매도:135.0317031, 133.0, -344, 1.0 
매수:134.0매도:135.0316935, 133.0, -440, 0.9 
316935, 133.0, -440, 0.9 
316935, 133.0, -440, 1.0 
302728, 133.0, -14647, 1.0 
302728, 133.0, -14647, 1.0 
302728, 133.0, -14647, 1.0 
288621, 133.0, -28754, 1.0 
288621, 133.0, -28754, 1.0 
288621, 133.0, -28754, 1.0 
288621, 133.0, -28754, 1.0 
274714, 133.0, -42661, 1.0 
매수:133.0매도:134.0260391, 132.0, -56984, 1.0 
273591, 132.0, 273591, 1 
-----132.0원----- 
273591, 132.0, 0, 1.0 
273591, 132.0, 0, 1.0 
273591, 132.0, 0, 1.0 
273591, 132.0, 0, 1.0 
273591, 132.0, 0, 1.0 
273591, 132.0, 0, 1.0 
273591, 132.0, 0, 1.0 
273591, 132.0, 0, 1.0 
273591, 132.0, 0, 1.0 
273591, 132.0, 0, 1.0 
매수:132.0매도:133.0272368, 131.0, -1223, 1.0 
매수:132.0매도:133.0272262, 131.0, -1329, 1.0 
매수:132.0매도:133.0272166, 131.0, -1425, 0.9 
272166, 131.0, -1425, 0.9 
272252, 131.0, -1339, 1.0 
272252, 131.0, -1339, 1.3 
272252, 131.0, -1339, 1.0 
272252, 131.0, -1339, 1.0 
286245, 131.0, 12654, 1.0 
258231, 131.0, -15360, 1.0 
233018, 131.0, -40573, 1.0 
220412, 131.0, -53179, 1.0 
207806, 131.0, -65785, 1.0 
207806, 131.0, 207806, 1 
-----131.0원----- 
207806, 131.0, 0, 1.0 
193799, 131.0, -14007, 1.0 
193799, 131.0, -14007, 1.0 
193799, 131.0, -14007, 1.0 
193799, 131.0, -14007, 1.0 
193799, 131.0, -14007, 1.0 
193799, 131.0, -14007, 1.0 
193799, 131.0, -14007, 1.0 
193799, 131.0, -14007, 1.0 
193799, 131.0, -14007, 1.0 
193799, 131.0, 193799, 1 
-----131.0원----- 
186945, 131.0, 0, 1.0 
186945, 131.0, 0, 1.0 
186945, 131.0, 0, 1.0 
186945, 131.0, 0, 1.0 
186945, 131.0, 0, 1.0 
186945, 131.0, 0, 1.0 
186945, 131.0, 0, 1.0 
186945, 131.0, 0, 1.0 
186945, 131.0, 0, 1.0 
185539, 130.0, -1406, 1.0 
186945, 131.0, 0, 1.0 
185539, 130.0, -1406, 1.0 
185539, 130.0, -1406, 1.0 
185539, 130.0, -1406, 1.0 
186945, 131.0, 0, 1.0 
185539, 130.0, -1406, 1.0 
185539, 130.0, -1406, 1.0 
185539, 130.0, -1406, 1.0 
186945, 131.0, 0, 1.0 
186945, 131.0, 0, 1.0 
186945, 131.0, 0, 1.0 
186945, 131.0, 0, 1.0 
186945, 131.0, 0, 1.0 
186945, 131.0, 0, 1.0 
186945, 131.0, 0, 1.0 
186945, 131.0, 0, 1.0 
186945, 131.0, 0, 1.0 
193842, 131.0, 6897, 1.0 
매수:132.0매도:133.0193789, 131.0, 6844, 1.0 
193789, 131.0, 6844, 0.9 
193789, 131.0, 6844, 1.0 
193789, 131.0, 6844, 1.0 
193789, 131.0, 6844, 1.0 
193789, 131.0, 6844, 1.0 
195245, 132.0, 8300, 1.0 
195245, 132.0, 8300, 1.0 
195245, 132.0, 8300, 1.0 
195245, 132.0, 8300, 1.0 
195245, 132.0, 8300, 1.0 
195245, 132.0, 8300, 1.0 
195245, 132.0, 8300, 1.0 
195245, 132.0, 8300, 1.0 
195245, 132.0, 8300, 1.0 
196678, 133.0, 9733, 1.0 
196678, 133.0, 9733, 1.0 
매도:133.0매수:132.0196721, 133.0, 9776, 1.0 
195605, 132.0, 8660, 1.14 
매도:133.0매수:132.0196765, 133.0, 9820, 1.0 
196765, 133.0, 9820, 1.0 
196765, 133.0, 9820, 1.0 
196765, 133.0, 9820, 1.0 
189911, 133.0, 2966, 1.0 
195692, 132.0, 8747, 1.0 
196808, 133.0, 9863, 1.0 
196808, 133.0, 9863, 1.0 
196901, 133.0, 9956, 1.0 
196901, 133.0, 9956, 1.33 
196901, 133.0, 9956, 1.0 
196901, 133.0, 9956, 1.0 
196901, 133.0, 9956, 1.0 
196901, 133.0, 9956, 1.0 
196901, 133.0, 9956, 1.0 
197917, 134.0, 10972, 1.0 
197917, 134.0, 10972, 1.0 
197917, 134.0, 10972, 1.0 
198188, 134.0, 11243, 1.0 
198365, 134.0, 11420, 2.0 
198365, 134.0, 11420, 1.71 
191511, 134.0, 4566, 1.0 
191511, 134.0, 4566, 1.0 
매수:135.0매도:136.0191458, 134.0, 4513, 1.0 
191458, 134.0, 4513, 0.9 
매수:135.0매도:136.0191405, 134.0, 4460, 1.0 
191405, 134.0, 4460, 0.9 
191405, 134.0, 4460, 1.0 
191405, 134.0, 4460, 1.0 
191405, 134.0, 4460, 1.0 
191405, 134.0, 4460, 1.0 
매도:134.0매수:133.0191451, 134.0, 4506, 1.0 
190765, 133.0, 3820, 1.15 
183962, 133.0, -2983, 0.9 
183962, 133.0, -2983, 1.0 
183962, 133.0, -2983, 1.0 
184008, 133.0, -2937, 1.0 
매도:134.0매수:133.0184691, 134.0, -2254, 1.15 
184052, 133.0, -2893, 2.0 
184052, 133.0, -2893, 0.9 
184052, 133.0, -2893, 1.0 
184052, 133.0, -2893, 1.0 
184052, 133.0, -2893, 1.0 
184052, 133.0, -2893, 1.0 
184052, 133.0, -2893, 1.0 
184052, 133.0, -2893, 1.0 
184052, 133.0, -2893, 1.0 
184052, 133.0, -2893, 1.0 
184052, 133.0, -2893, 1.0 
184052, 133.0, -2893, 1.0 
184052, 133.0, -2893, 1.0 
184095, 133.0, -2850, 1.0 
184095, 133.0, -2850, 1.14 
184095, 133.0, -2850, 1.0 
184095, 133.0, -2850, 1.0 
184138, 133.0, -2807, 1.0 
184138, 133.0, -2807, 1.14 
191028, 133.0, 4083, 1.0 
191028, 133.0, 4083, 1.0 
191028, 133.0, 4083, 1.0 
190392, 132.0, 3447, 1.0 
매도:133.0매수:132.0197968, 133.0, 11023, 0.9 
197332, 132.0, 10387, 1.0 
190378, 132.0, 3433, 0.9 
197375, 132.0, 10430, 1.0 
218557, 132.0, 31612, 1.0 
262288, 132.0, 75343, 1.0 
269378, 132.0, 82433, 1.0 
269378, 132.0, 82433, 1.0 
269378, 132.0, 82433, 1.0 
269378, 132.0, 82433, 1.0 
매수:133.0매도:134.0275925, 132.0, 88980, 1.0 
270011, 133.0, 83066, 1.0 
270011, 133.0, 83066, 1.0 
270011, 133.0, 83066, 1.0 
270011, 133.0, 83066, 1.0 
270011, 133.0, 83066, 1.0 
270011, 133.0, 83066, 1.0 
270011, 133.0, 83066, 1.0 
270011, 133.0, 83066, 1.0 
270011, 133.0, 83066, 1.0 
270011, 133.0, 83066, 1.0 
매수:133.0매도:134.0269271, 132.0, 82326, 1.0 
262368, 132.0, 75423, 0.9 
269314, 132.0, 82369, 1.0 
269314, 132.0, 82369, 1.0 
매수:133.0매도:134.0269261, 132.0, 82316, 1.0 
269261, 132.0, 82316, 0.9 
269261, 132.0, 82316, 1.0 
269261, 132.0, 82316, 1.0 
269261, 132.0, 82316, 1.0 
269261, 132.0, 82316, 1.0 
269261, 132.0, 82316, 1.0 
269261, 132.0, 82316, 1.0 
269261, 132.0, 82316, 1.0 
269261, 132.0, 82316, 1.0 
269261, 132.0, 82316, 1.0 
269261, 132.0, 82316, 1.0 
269261, 132.0, 82316, 1.0 
269261, 132.0, 82316, 1.0 
262358, 132.0, 75413, 1.0 
262358, 132.0, 75413, 1.0 
262358, 132.0, 75413, 1.0 
262358, 132.0, 75413, 1.0 
262358, 132.0, 75413, 1.0 
262358, 132.0, 75413, 1.0 
262358, 132.0, 75413, 1.0 
262358, 132.0, 75413, 1.0 
262358, 132.0, 75413, 1.0 
매수:133.0매도:134.0255401, 132.0, 68456, 1.0 
256237, 133.0, 69292, 1.0 
249333, 133.0, 62388, 2.0 
매수:133.0매도:134.0248444, 132.0, 61499, 1.0 
248444, 132.0, 61499, 0.9 
248444, 132.0, 61499, 1.0 
248444, 132.0, 61499, 1.0 
248444, 132.0, 61499, 1.0 
248444, 132.0, 61499, 1.0 
248444, 132.0, 61499, 1.0 
248444, 132.0, 61499, 1.0 
248444, 132.0, 61499, 1.0 
248444, 132.0, 61499, 1.0 
248444, 132.0, 61499, 1.0 
248444, 132.0, 61499, 1.0 
248444, 132.0, 61499, 1.0 
248444, 132.0, 61499, 1.0 
248444, 132.0, 61499, 1.0 
248444, 132.0, 61499, 1.0 
248444, 132.0, 61499, 1.0 
248444, 132.0, 61499, 1.0 
248444, 132.0, 61499, 1.0 
248444, 132.0, 61499, 1.0 
248444, 132.0, 61499, 1.0 
248444, 132.0, 61499, 1.0 
248444, 132.0, 61499, 1.0 
매수:133.0매도:134.0248391, 132.0, 61446, 1.0 
248391, 132.0, 61446, 0.9 
248391, 132.0, 61446, 1.0 
248391, 132.0, 61446, 1.0 
241537, 132.0, 54592, 1.0 
매수:133.0매도:134.0241484, 132.0, 54539, 1.0 
241484, 132.0, 54539, 0.9 
매수:133.0매도:134.0241431, 132.0, 54486, 1.0 
242467, 133.0, 55522, 0.9 
매수:133.0매도:134.0241377, 132.0, 54432, 1.0 
241377, 132.0, 54432, 1.0 
241377, 132.0, 54432, 1.0 
매수:133.0매도:134.0241324, 132.0, 54379, 1.0 
241324, 132.0, 54379, 0.9 
매수:133.0매도:134.0241271, 132.0, 54326, 1.0 
241271, 132.0, 54326, 0.9 
매수:133.0매도:134.0241217, 132.0, 54272, 1.0 
242453, 133.0, 55508, 0.9 
242453, 133.0, 55508, 1.0 
242453, 133.0, 55508, 1.0 
242453, 133.0, 55508, 1.0 
242453, 133.0, 55508, 1.0 
242453, 133.0, 55508, 1.0 
242453, 133.0, 55508, 1.0 
242453, 133.0, 55508, 1.0 
242453, 133.0, 55508, 1.0 
242453, 133.0, 55508, 1.0 
