-----198.0Ïõê----- 
299875, 198.0, 0, 1 
299875, 198.0, 0, 1.0 
299875, 198.0, 0, 1.0 
299875, 198.0, 0, 1.0 
299875, 198.0, 0, 1.0 
299875, 198.0, 0, 1.0 
299875, 198.0, 0, 1.0 
299875, 198.0, 0, 1.0 
299875, 198.0, 0, 1.0 
299875, 198.0, 0, 1.0 
299875, 198.0, 0, 1.0 
299875, 198.0, 0, 1.0 
299875, 198.0, 0, 1.0 
299875, 198.0, 0, 1.0 
299875, 198.0, 0, 1.0 
299875, 198.0, 0, 1.0 
299875, 198.0, 0, 1.0 
299875, 198.0, 0, 1.0 
299875, 198.0, 0, 1.0 
299875, 198.0, 0, 1.0 
299875, 198.0, 0, 1.0 
299875, 198.0, 0, 1.0 
299875, 198.0, 0, 1.0 
299875, 198.0, 0, 1.0 
299706, 197.0, -169, 1.0 
299706, 197.0, -169, 0.9 
299706, 197.0, -169, 1.0 
299875, 198.0, 0, 1.0 
299875, 198.0, 0, 1.41 
299875, 198.0, 0, 1.0 
299875, 198.0, 0, 1.0 
299875, 198.0, 0, 1.0 
299875, 198.0, 0, 1.0 
299875, 198.0, 0, 1.0 
299875, 198.0, 0, 1.0 
299875, 198.0, 0, 1.0 
299875, 198.0, 0, 1.0 
299875, 198.0, 0, 1.0 
299875, 198.0, 0, 1.0 
299875, 198.0, 0, 1.0 
299875, 198.0, 0, 1.0 
299875, 198.0, 0, 1.0 
299875, 198.0, 0, 1.0 
299875, 198.0, 0, 1.0 
299875, 198.0, 0, 1.0 
299875, 198.0, 0, 1.0 
299875, 198.0, 0, 1.0 
299875, 198.0, 0, 1.0 
299875, 198.0, 0, 1.0 
299875, 198.0, 0, 1.0 
299875, 198.0, 0, 1.0 
299875, 198.0, 0, 1.0 
299875, 198.0, 0, 1.0 
299875, 198.0, 0, 1.0 
299875, 198.0, 0, 1.0 
299875, 198.0, 0, 1.0 
299875, 198.0, 0, 1.0 
299875, 198.0, 0, 1.0 
299875, 198.0, 0, 1.0 
299875, 198.0, 0, 1.0 
299875, 198.0, 0, 1.0 
299875, 198.0, 0, 1.0 
299875, 198.0, 0, 1.0 
299875, 198.0, 0, 1.0 
299875, 198.0, 0, 1.0 
299875, 198.0, 0, 1.0 
299875, 198.0, 0, 1.0 
299875, 198.0, 0, 1.0 
299875, 198.0, 0, 1.0 
-----198.0Ïõê----- 
299875, 198.0, 0, 1 
299875, 198.0, 0, 1.0 
299875, 198.0, 0, 1.0 
299875, 198.0, 0, 1.0 
299875, 198.0, 0, 1.0 
299875, 198.0, 0, 1.0 
299875, 198.0, 0, 1.0 
299875, 198.0, 0, 1.0 
299875, 198.0, 0, 1.0 
299875, 198.0, 0, 1.0 
299875, 198.0, 0, 1.0 
299875, 198.0, 0, 1.0 
299875, 198.0, 0, 1.0 
299875, 198.0, 0, 1.0 
299875, 198.0, 0, 1.0 
299875, 198.0, 0, 1.0 
299875, 198.0, 0, 1.0 
299875, 198.0, 0, 1.0 
299875, 198.0, 0, 1.0 
299875, 198.0, 0, 1.0 
299875, 198.0, 0, 1.0 
299875, 198.0, 0, 1.0 
299875, 198.0, 0, 1.0 
299875, 198.0, 0, 1.0 
299875, 198.0, 0, 1.0 
299875, 198.0, 0, 1.0 
299875, 198.0, 0, 1.0 
-----198.0Ïõê----- 
299875, 198.0, 0, 1 
-----198.0Ïõê----- 
299875, 198.0, 0, 1 
-----198.0Ïõê----- 
299875, 198.0, 0, 1 
-----198.0Ïõê----- 
299875, 198.0, 0, 1 
299875, 198.0, 0, 1.0 
299875, 198.0, 0, 1.0 
299875, 198.0, 0, 1.0 
299875, 198.0, 0, 1.0 
299875, 198.0, 0, 1.0 
299875, 198.0, 0, 1.0 
-----193.0ø¯----- 
297655, 193.0, 0, 1 
-----194.0ø¯----- 
298376, 194.0, 0, 1 
298560, 194.0, 298560, 1 
298560, 194.0, 298560, 1 
298560, 194.0, 298560, 1 
-----194.0ø¯----- 
297918, 193.0, 297918, 1 
-----193.0ø¯----- 
297918, 193.0, 123326.83610044999, 1.0 
297918, 193.0, 123326.83610044999, 1.0 
297918, 193.0, 123326.83610044999, 1.0 
297918, 193.0, 123326.83610044999, 1.0 
297885, 193.0, 297885, 1 
-----193.0ø¯----- 
297885, 193.0, 129116.74610045, 1.0 
297885, 193.0, 129116.74610045, 1.0 
-----193.0ø¯----- 
297885, 193.0, 0, 1 
297885, 193.0, 297885, 1 
-----193.0ø¯----- 
297885, 193.0, 129116.74610045, 1.0 
297759, 193.0, 297759, 1 
-----193.0ø¯----- 
297759, 193.0, 297759, 1 
-----193.0ø¯----- 
297759, 193.0, 297759, 1 
-----193.0ø¯----- 
297759, 193.0, 151311.90110045, 1.0 
297759, 193.0, 297759, 1 
-----193.0ø¯----- 
297759, 193.0, 297759, 1 
-----193.0ø¯----- 
297759, 193.0, 297759, 1 
-----193.0ø¯----- 
297759, 193.0, 297759, 1 
-----193.0ø¯----- 
297759, 193.0, 151311.90110045, 1.0 
297759, 193.0, 151311.90110045, 1.0 
297759, 193.0, 297759, 1 
-----193.0ø¯----- 
297759, 193.0, 297759, 1 
-----193.0ø¯----- 
296942, 192.0, 296942, 1 
-----192.0ø¯----- 
296942, 192.0, 296942, 1 
-----192.0ø¯----- 
296942, 192.0, 296942, 1 
-----192.0ø¯----- 
296942, 192.0, 296942, 1 
-----192.0ø¯----- 
296942, 192.0, 296942, 1 
-----192.0ø¯----- 
296942, 192.0, 296942, 1 
-----192.0ø¯----- 
296942, 192.0, 296942, 1 
-----192.0ø¯----- 
296128, 191.0, 296128, 1 
-----191.0ø¯----- 
296128, 191.0, 296128, 1 
-----191.0ø¯----- 
296942, 192.0, 296942, 1 
-----192.0ø¯----- 
295811, 191.0, 295811, 1 
-----191.0ø¯----- 
296914, 192.0, 211775.54010045, 1.0 
296914, 192.0, 211775.54010045, 1.0 
296914, 192.0, 296914, 1 
-----192.0ø¯----- 
296914, 192.0, -0.4598995500127785, 1.0 
296914, 192.0, -0.4598995500127785, 1.0 
296914, 192.0, -0.4598995500127785, 1.0 
296954, 192.0, 296954, 1 
-----192.0ø¯----- 
296954, 192.0, 0, 1.0 
296954, 192.0, 0, 1.0 
296954, 192.0, 296954, 1 
-----192.0ø¯----- 
296954, 192.0, 0, 1.0 
296954, 192.0, 0, 1.0 
297164, 192.0, 210, 1.0 
297164, 192.0, 210, 1.56 
297164, 192.0, 210, 1.0 
