36071, 1.34, 36071, 1 
-----1.34원----- 
22764, 1.34, -13307, 1.0 
10792, 1.34, -25279, 1.0 
10792, 1.34, -25279, 1.0 
10792, 1.34, -25279, 1.0 
10792, 1.34, -25279, 1.0 
10792, 1.34, -25279, 1.0 
10792, 1.34, -25279, 1.0 
10792, 1.34, -25279, 1.0 
10792, 1.34, -25279, 1.0 
10792, 1.34, -25279, 1.0 
10792, 1.34, -25279, 1.0 
10792, 1.34, -25279, 1.0 
10792, 1.34, -25279, 1.0 
10792, 1.34, -25279, 1.0 
10792, 1.34, -25279, 1.0 
10792, 1.34, -25279, 1.0 
10792, 1.34, -25279, 1.0 
10792, 1.34, -25279, 1.0 
10792, 1.34, -25279, 1.0 
10792, 1.34, -25279, 1.0 
10792, 1.34, -25279, 1.0 
10792, 1.34, -25279, 1.0 
10792, 1.34, -25279, 1.0 
10792, 1.34, -25279, 1.0 
10792, 1.34, -25279, 1.0 
10792, 1.34, -25279, 1.0 
10792, 1.34, -25279, 1.0 
10792, 1.33, -25279, 1.0 
10792, 1.33, -25279, 1.0 
10792, 1.33, -25279, 1.0 
10792, 1.33, -25279, 1.0 
10792, 1.33, -25279, 1.0 
10792, 1.33, -25279, 1.0 
10792, 1.33, -25279, 1.0 
10792, 1.33, -25279, 1.0 
10792, 1.33, -25279, 1.0 
10792, 1.33, -25279, 1.0 
10792, 1.33, -25279, 1.0 
10792, 1.33, -25279, 1.0 
10792, 1.33, -25279, 1.0 
10792, 1.33, -25279, 1.0 
10792, 1.33, -25279, 1.0 
16755, 1.33, -19316, 1.0 
16755, 1.33, -19316, 1.0 
16755, 1.33, -19316, 1.0 
16755, 1.33, -19316, 1.0 
16755, 1.33, -19316, 1.0 
16755, 1.33, -19316, 1.0 
16755, 1.33, -19316, 1.0 
16755, 1.33, -19316, 1.0 
16755, 1.33, -19316, 1.0 
매수:1.3316649, 1.32, -19422, 1.0 
16649, 1.32, -19422, 0.9 
16649, 1.32, -19422, 1.0 
16649, 1.32, -19422, 1.0 
16649, 1.32, -19422, 1.0 
16649, 1.32, -19422, 1.0 
16649, 1.32, -19422, 1.0 
16649, 1.32, -19422, 1.0 
16649, 1.32, -19422, 1.0 
16649, 1.32, -19422, 1.0 
16649, 1.32, -19422, 1.0 
416649, 1.32, 380578, 1.0 
매수:1.33매도:1.34416542, 1.32, 380471, 1.0 
416542, 1.32, 380471, 0.9 
416542, 1.32, 380471, 1.0 
416542, 1.32, 380471, 1.0 
416542, 1.32, 380471, 1.0 
416542, 1.32, 380471, 1.0 
416542, 1.32, 380471, 1.0 
416542, 1.32, 380471, 1.0 
416542, 1.32, 380471, 1.0 
416542, 1.32, 380471, 1.0 
416542, 1.32, 380471, 1.0 
416542, 1.32, 380471, 1.0 
416542, 1.32, 380471, 1.0 
416542, 1.32, 380471, 1.0 
416542, 1.32, 380471, 1.0 
416542, 1.32, 380471, 1.0 
416542, 1.32, 380471, 1.0 
391449, 1.32, 355378, 1.0 
매수:1.33매도:1.34391343, 1.32, 355272, 1.0 
391643, 1.33, 355572, 0.9 
391643, 1.33, 355572, 2.0 
매수:1.33매도:1.34404436, 1.32, 368365, 1.0 
매수:1.33매도:1.34391129, 1.32, 355058, 1.0 
391129, 1.32, 355058, 1.0 
매수:1.33매도:1.34391023, 1.32, 354952, 1.0 
매수:1.33매도:1.34390927, 1.32, 354856, 0.9 
매수:1.33매도:1.34390831, 1.32, 354760, 0.9 
378404, 1.33, 342333, 0.9 
378404, 1.33, 342333, 1.0 
378404, 1.33, 342333, 1.0 
378404, 1.33, 342333, 1.0 
378404, 1.33, 342333, 1.0 
378404, 1.33, 342333, 1.0 
378404, 1.33, 342333, 1.0 
378404, 1.33, 342333, 1.0 
378404, 1.33, 342333, 1.0 
378404, 1.33, 342333, 1.0 
378404, 1.33, 342333, 1.0 
379145, 1.34, 343074, 1.0 
379139, 1.34, 343068, 2.0 
379139, 1.34, 343068, 0.9 
379139, 1.34, 343068, 1.0 
379139, 1.34, 343068, 1.0 
379139, 1.34, 343068, 1.0 
매도:1.35매수:1.34379325, 1.35, 343254, 1.0 
379325, 1.35, 343254, 2.0 
379325, 1.35, 343254, 1.0 
379325, 1.35, 343254, 1.0 
379325, 1.35, 343254, 1.0 
매수:1.36379218, 1.35, 343147, 1.0 
379418, 1.36, 343347, 0.9 
379418, 1.36, 343347, 2.0 
379418, 1.36, 343347, 1.0 
매수:1.37393005, 1.36, 356934, 1.0 
379605, 1.37, 343534, 1.0 
379605, 1.37, 343534, 1.0 
매도:1.38매수:1.36393791, 1.38, 357720, 1.0 
380191, 1.39, 344120, 1.0 
380191, 1.39, 344120, 1.0 
380191, 1.39, 380191, 1 
-----1.39원----- 
380391, 1.4, 200, 1.0 
445528, 1.39, 65337, 1.0 
매수:1.4445421, 1.39, 65230, 1.0 
매수:1.41458225, 1.4, 78034, 0.9 
446405, 1.42, 66214, 1.0 
485246, 1.42, 105055, 1.0 
매수:1.43485225, 1.42, 105034, 1.0 
매도:1.44매수:1.43486298, 1.44, 106107, 0.9 
486781, 1.45, 106590, 1.0 
488251, 1.48, 108060, 2.0 
489721, 1.51, 109530, 1.0 
490211, 1.52, 110020, 1.0 
매수:1.5488526, 1.49, 108335, 2.0 
489401, 1.5, 109210, 1.0 
488911, 1.49, 108720, 2.0 
487931, 1.47, 107740, 0.9 
매수:1.46매도:1.47486854, 1.45, 106663, 0.9 
487518, 1.46, 107327, 1.0 
487518, 1.46, 107327, 2.0 
487028, 1.45, 106837, 1.0 
487028, 1.45, 106837, 0.9 
매수:1.44매도:1.45485940, 1.43, 105749, 1.0 
매수:1.44매도:1.45486133, 1.43, 105942, 1.0 
487199, 1.45, 107008, 2.0 
매수:1.46486984, 1.45, 106793, 1.0 
매도:1.46매수:1.45502359, 1.46, 122168, 0.9 
487759, 1.46, 107568, 1.0 
488449, 1.47, 488449, 1 
-----1.47원----- 
489139, 1.48, 690, 1.0 
488449, 1.47, 0, 1.0 
매도:1.48매수:1.47518910, 1.48, 30461, 0.9 
489310, 1.48, 861, 1.0 
518020, 1.47, 29571, 1.0 
매도:1.47매수:1.46488791, 1.47, 342, 1.0 
488791, 1.47, 342, 1.0 
462267, 1.48, -26182, 1.0 
437085, 1.47, -51364, 1.0 
437085, 1.47, -51364, 1.0 
매수:1.47465380, 1.46, -23069, 1.0 
436180, 1.46, -52269, 1.0 
매수:1.46매도:1.47435076, 1.45, -53373, 1.0 
매수:1.45매도:1.46487191, 1.44, -1258, 1.0 
459681, 1.45, -28768, 1.0 
459681, 1.45, -28768, 1.0 
432653, 1.45, -55796, 1.0 
432653, 1.45, -55796, 1.0 
432653, 1.45, -55796, 1.0 
매수:1.45매도:1.46407217, 1.44, -81232, 1.0 
381794, 1.43, -106655, 1.0 
352401, 1.41, 352401, 1 
-----1.41원----- 
352401, 1.41, 0, 1.0 
364572, 1.42, 12171, 1.0 
매수:1.43매도:1.44352399, 1.42, -2, 1.0 
391657, 1.43, 39256, 1.0 
391750, 1.43, 39349, 1.0 
379633, 1.44, 27232, 2.0 
367567, 1.44, 15166, 1.0 
364987, 1.42, 12586, 1.0 
매수:1.42매도:1.43363590, 1.41, 11189, 1.0 
363590, 1.41, 11189, 1.0 
362200, 1.4, 9799, 1.0 
매수:1.41매도:1.42362093, 1.4, 9692, 1.0 
363583, 1.41, 11182, 0.9 
363583, 1.41, 11182, 1.0 
362093, 1.4, 9692, 1.0 
362093, 1.4, 9692, 1.0 
매수:1.39매도:1.4359006, 1.38, 6605, 1.0 
345699, 1.38, 345699, 1 
-----1.38원----- 
344109, 1.37, -1590, 1.0 
342519, 1.36, -3180, 1.0 
344109, 1.37, -1590, 1.0 
345699, 1.38, 0, 1.0 
345699, 1.38, 0, 1.0 
345699, 1.38, 0, 1.0 
345699, 1.38, 0, 1.0 
345699, 1.38, 0, 1.0 
345699, 1.38, 0, 1.0 
345699, 1.38, 0, 1.0 
344109, 1.37, -1590, 1.0 
319286, 1.38, -26413, 1.0 
307400, 1.38, -38299, 1.0 
307400, 1.38, -38299, 1.0 
매수:1.39매도:1.4307486, 1.38, -38213, 1.0 
309076, 1.39, -36623, 2.0 
309076, 1.39, -36623, 1.0 
309076, 1.39, -36623, 1.0 
309169, 1.39, -36530, 1.0 
매수:1.4매도:1.41308955, 1.39, -36744, 2.0 
매수:1.4매도:1.41308859, 1.39, -36840, 0.9 
매수:1.4매도:1.41308762, 1.39, -36937, 0.9 
매수:1.4매도:1.41308666, 1.39, -37033, 0.9 
매수:1.4매도:1.41308570, 1.39, -37129, 0.9 
310620, 1.4, -35079, 0.9 
310620, 1.4, 310620, 1 
-----1.4원----- 
310620, 1.4, 0, 1.0 
매수:1.4매도:1.41308463, 1.39, -2157, 1.0 
308463, 1.39, -2157, 1.0 
308463, 1.39, -2157, 1.0 
306313, 1.38, -4307, 1.0 
306313, 1.38, -4307, 1.0 
304163, 1.37, -6457, 1.0 
304163, 1.37, -6457, 1.0 
304163, 1.37, -6457, 1.0 
304163, 1.37, 304163, 1 
-----1.37원----- 
304163, 1.37, 0, 1.0 
304163, 1.37, 0, 1.0 
매수:1.37매도:1.38301959, 1.36, -2204, 1.0 
304159, 1.37, -4, 1.0 
301959, 1.36, -2204, 1.0 
301959, 1.36, -2204, 1.0 
301959, 1.36, -2204, 1.0 
304159, 1.37, -4, 1.0 
304159, 1.37, -4, 1.0 
304159, 1.37, -4, 1.0 
301959, 1.36, -2204, 1.0 
299759, 1.35, -4404, 1.0 
299759, 1.35, -4404, 1.0 
299759, 1.35, -4404, 1.0 
299759, 1.35, -4404, 1.0 
299759, 1.35, -4404, 1.0 
299759, 1.35, -4404, 1.0 
299759, 1.35, -4404, 1.0 
299759, 1.35, -4404, 1.0 
299759, 1.35, -4404, 1.0 
299759, 1.35, -4404, 1.0 
299759, 1.35, -4404, 1.0 
301959, 1.36, -2204, 1.0 
301959, 1.36, -2204, 1.0 
301959, 1.36, -2204, 1.0 
301959, 1.36, -2204, 1.0 
301959, 1.36, -2204, 1.0 
301959, 1.36, -2204, 1.0 
301959, 1.36, -2204, 1.0 
304159, 1.37, -4, 1.0 
304159, 1.37, -4, 1.0 
304206, 1.37, 43, 1.0 
297603, 1.37, -6560, 2.0 
297603, 1.37, -6560, 1.0 
297603, 1.37, -6560, 1.0 
299753, 1.38, -4410, 1.0 
299753, 1.38, -4410, 1.0 
299753, 1.38, -4410, 1.0 
299753, 1.38, -4410, 1.0 
299753, 1.38, -4410, 1.0 
299753, 1.38, -4410, 1.0 
297603, 1.37, -6560, 1.0 
297603, 1.37, -6560, 1.0 
297603, 1.37, -6560, 1.0 
297603, 1.37, -6560, 1.0 
297603, 1.37, -6560, 1.0 
342800, 1.37, 38637, 1.0 
342843, 1.37, 38680, 1.0 
342843, 1.37, 38680, 2.0 
342887, 1.37, 38724, 1.0 
342887, 1.37, 38724, 2.0 
342887, 1.37, 38724, 1.0 
매수:1.37매도:1.38340683, 1.36, 36520, 1.0 
342883, 1.37, 38720, 1.0 
342930, 1.37, 38767, 1.0 
342930, 1.37, 38767, 2.0 
342930, 1.37, 38767, 1.0 
356323, 1.37, 52160, 1.0 
356323, 1.37, 52160, 1.0 
356323, 1.37, 52160, 1.0 
356323, 1.37, 52160, 1.0 
356323, 1.37, 52160, 1.0 
356323, 1.37, 52160, 1.0 
356323, 1.37, 52160, 1.0 
356323, 1.37, 52160, 1.0 
356323, 1.37, 52160, 1.0 
395454, 1.37, 91291, 1.0 
421091, 1.37, 116928, 1.0 
421091, 1.37, 116928, 1.0 
매수:1.37매도:1.38418887, 1.36, 114724, 1.0 
418887, 1.36, 114724, 1.0 
418887, 1.36, 114724, 1.0 
412134, 1.36, 107971, 1.0 
405381, 1.36, 101218, 1.0 
405381, 1.36, 101218, 1.0 
405381, 1.36, 101218, 1.0 
405381, 1.36, 101218, 1.0 
405381, 1.36, 101218, 1.0 
398727, 1.36, 94564, 1.0 
398727, 1.36, 94564, 1.0 
매수:1.36매도:1.37396474, 1.35, 92311, 1.0 
398724, 1.36, 94561, 1.0 
398724, 1.36, 94561, 1.0 
398724, 1.36, 94561, 1.0 
398767, 1.36, 94604, 1.0 
405464, 1.36, 101301, 2.0 
403214, 1.35, 99051, 1.0 
403214, 1.35, 99051, 1.0 
405464, 1.36, 101301, 1.0 
405464, 1.36, 101301, 1.0 
405464, 1.36, 101301, 1.0 
405464, 1.36, 101301, 1.0 
405464, 1.36, 101301, 1.0 
405464, 1.36, 101301, 1.0 
405464, 1.36, 101301, 1.0 
405464, 1.36, 101301, 1.0 
405464, 1.36, 101301, 1.0 
405464, 1.36, 101301, 1.0 
매도:1.36매수:1.35405507, 1.36, 101344, 1.0 
405507, 1.36, 101344, 2.0 
405507, 1.36, 101344, 1.0 
405507, 1.36, 101344, 1.0 
405507, 1.36, 101344, 1.0 
매도:1.36매수:1.35412350, 1.36, 108187, 1.0 
405550, 1.36, 101387, 1.0 
407797, 1.37, 103634, 1.0 
매도:1.37매수:1.36407843, 1.37, 103680, 1.0 
407840, 1.37, 103677, 2.0 
407840, 1.37, 103677, 0.9 
407840, 1.37, 103677, 1.0 
407887, 1.37, 103724, 1.0 
410080, 1.38, 105917, 2.0 
매수:1.39매도:1.4416926, 1.38, 112763, 1.0 
414426, 1.4, 110263, 1.0 
매수:1.4매도:1.41412219, 1.39, 108056, 1.0 
414605, 1.4, 110442, 1.0 
매수:1.4매도:1.41413246, 1.39, 109083, 1.0 
413246, 1.39, 109083, 1.0 
매수:1.4매도:1.41413193, 1.39, 109030, 1.0 
413386, 1.39, 109223, 0.9 
413386, 1.39, 109223, 2.0 
413386, 1.39, 109223, 1.0 
413386, 1.39, 109223, 1.0 
406733, 1.39, 102570, 1.0 
406733, 1.39, 102570, 1.0 
406733, 1.39, 102570, 1.0 
406733, 1.39, 102570, 1.0 
406733, 1.39, 102570, 1.0 
405093, 1.38, 100930, 1.0 
403453, 1.37, 99290, 1.0 
403453, 1.37, 99290, 1.0 
403453, 1.37, 99290, 1.0 
403453, 1.37, 99290, 1.0 
403453, 1.37, 99290, 1.0 
396799, 1.37, 92636, 1.0 
매수:1.38매도:1.39403596, 1.37, 99433, 1.0 
398482, 1.38, 94319, 1.0 
398482, 1.38, 94319, 1.0 
391829, 1.38, 87666, 1.0 
391829, 1.38, 87666, 1.0 
391829, 1.38, 87666, 1.0 
391829, 1.38, 87666, 1.0 
391829, 1.38, 87666, 1.0 
391829, 1.38, 87666, 1.0 
391829, 1.38, 87666, 1.0 
391829, 1.38, 87666, 1.0 
391829, 1.38, 87666, 1.0 
391829, 1.38, 87666, 1.0 
391829, 1.38, 87666, 1.0 
391829, 1.38, 87666, 1.0 
391829, 1.38, 87666, 1.0 
391829, 1.38, 87666, 1.0 
매수:1.38매도:1.39390136, 1.37, 85973, 1.0 
390136, 1.37, 85973, 1.0 
390136, 1.37, 85973, 1.0 
390136, 1.37, 85973, 1.0 
390136, 1.37, 85973, 1.0 
390136, 1.37, 85973, 1.0 
390136, 1.37, 85973, 1.0 
390136, 1.37, 85973, 1.0 
390136, 1.37, 85973, 1.0 
매수:1.38매도:1.39390082, 1.37, 85919, 1.0 
383429, 1.37, 79266, 0.9 
매수:1.38매도:1.39383375, 1.37, 79212, 1.0 
383375, 1.37, 79212, 0.9 
376722, 1.37, 72559, 1.0 
376722, 1.37, 72559, 1.0 
376722, 1.37, 72559, 1.0 
376722, 1.37, 72559, 1.0 
376722, 1.37, 72559, 1.0 
376722, 1.37, 72559, 1.0 
376722, 1.37, 72559, 1.0 
376722, 1.37, 72559, 1.0 
376722, 1.37, 72559, 1.0 
376722, 1.37, 72559, 1.0 
376722, 1.37, 72559, 1.0 
376722, 1.37, 72559, 1.0 
376722, 1.37, 72559, 1.0 
376722, 1.37, 72559, 1.0 
376722, 1.37, 72559, 1.0 
376722, 1.37, 72559, 1.0 
376722, 1.37, 72559, 1.0 
376722, 1.37, 72559, 1.0 
376722, 1.37, 72559, 1.0 
376722, 1.37, 72559, 1.0 
376722, 1.37, 72559, 1.0 
376722, 1.37, 72559, 1.0 
376722, 1.37, 72559, 1.0 
370069, 1.37, 65906, 1.0 
370069, 1.37, 65906, 1.0 
370069, 1.37, 65906, 1.0 
370069, 1.37, 65906, 1.0 
매수:1.37매도:1.38368225, 1.36, 64062, 1.0 
361572, 1.36, 57409, 1.0 
361572, 1.36, 57409, 1.0 
354919, 1.36, 50756, 1.0 
348265, 1.36, 44102, 1.0 
348265, 1.36, 44102, 1.0 
341612, 1.36, 37449, 1.0 
334959, 1.36, 30796, 1.0 
328305, 1.36, 24142, 1.0 
328305, 1.36, 24142, 1.0 
328305, 1.36, 24142, 1.0 
328305, 1.36, 24142, 1.0 
328305, 1.36, 24142, 1.0 
328305, 1.36, 24142, 1.0 
328305, 1.36, 24142, 1.0 
328305, 1.36, 24142, 1.0 
328305, 1.36, 24142, 1.0 
328305, 1.36, 24142, 1.0 
328305, 1.36, 24142, 1.0 
