78334, 1.31, 78334, 1 
-----1.31원----- 
78334, 1.31, 0, 1.0 
78334, 1.31, 0, 1.0 
78334, 1.31, 0, 1.0 
78334, 1.31, 0, 1.0 
96189, 1.31, 17855, 1.0 
96189, 1.31, 17855, 1.0 
96189, 1.31, 17855, 1.0 
96189, 1.31, 17855, 1.0 
96189, 1.31, 17855, 1.0 
96189, 1.3, 96189, 1 
-----1.3원----- 
96189, 1.3, 0, 1.0 
96189, 1.3, 0, 1.0 
96189, 1.3, 96189, 1 
-----1.3원----- 
96189, 1.3, 0, 1.0 
96189, 1.3, 96189, 1 
-----1.3원----- 
96189, 1.3, 0, 1.0 
96189, 1.3, 0, 1.0 
96189, 1.3, 0, 1.0 
96189, 1.3, 0, 1.0 
96189, 1.3, 0, 1.0 
96189, 1.3, 0, 1.0 
96189, 1.3, 0, 1.0 
96189, 1.3, 0, 1.0 
96189, 1.3, 0, 1.0 
96189, 1.3, 0, 1.0 
96189, 1.3, 0, 1.0 
96189, 1.3, 0, 1.0 
96189, 1.3, 0, 1.0 
96189, 1.3, 0, 1.0 
