-----267.0원----- 
27346, 0 
-----267.0원----- 
27346, 0 
27346, 0 
-----267.0원----- 
27346, 0 
-----267.0원----- 
27346, 0 
-----267.0원----- 
27346, 0 
27346, 0 
27346, 0 
27346, 0 
27346, 0 
27346, 0 
27346, 0 
27346, 0 
27346, 0 
27346, 0 
27346, 0 
27346, 0 
27346, 0 
27346, 0 
27321, -25 
27321, -25 
27321, -25 
27296, -50 
27340, -6 
27381, 35 
27381, 35 
27381, 35 
27381, 35 
-----268.0원----- 
27381, 0 
27381, 0 
27381, 0 
27381, 0 
27381, 0 
27381, 0 
-----268.0원----- 
27381, 0 
27381, 0 
27381, 0 
27381, 0 
27381, 0 
27381, 0 
-----268.0원----- 
27381, 0 
27381, 0 
27381, 0 
27359, -22 
27359, -22 
27381, 0 
27381, 0 
27397, 16 
27375, -6 
27375, -6 
27375, -6 
27375, -6 
27397, 16 
27397, 16 
27397, 16 
27397, 16 
27397, 16 
27397, 16 
27397, 16 
27375, -6 
27397, 16 
27397, 16 
27397, 16 
27397, 16 
27397, 16 
27397, 16 
27397, 16 
27375, -6 
27397, 16 
27397, 16 
27397, 16 
27397, 16 
27397, 16 
27397, 16 
27397, 16 
27397, 16 
-----268.0원----- 
27397, 0 
-----268.0원----- 
27397, 0 
27397, 0 
27397, 0 
27397, 0 
27397, 0 
-----268.0원----- 
27397, 0 
27397, 0 
27397, 0 
27397, 0 
27397, 0 
27397, 0 
-----220.0원----- 
21501, 0 
21501, 0 
21501, 0 
21501, 0 
21501, 0 
21501, 0 
21501, 0 
21501, 0 
21501, 0 
21501, 0 
21501, 0 
21501, 0 
21501, 0 
21501, 0 
21501, 0 
21501, 0 
21501, 0 
27378, 5877 
-----218.0원----- 
27378, 0 
27378, 0 
27378, 0 
27378, 0 
27378, 0 
27378, 0 
27378, 0 
27378, 0 
27378, 0 
27378, 0 
-----216.0원----- 
27378, 0 
27378, 0 
-----216.0원----- 
27378, 0 
27378, 0 
27350, -28 
27350, -28 
-----215.0원----- 
27350, 0 
27350, 0 
27397, 47 
27397, 47 
-----215.0원----- 
27397, 0 
27397, 0 
27397, 0 
27397, 0 
27397, 0 
-----214.0원----- 
27397, 0 
27397, 0 
27397, 0 
27397, 0 
27397, 0 
27397, 0 
27397, 0 
27397, 0 
27397, 0 
27397, 0 
27397, 0 
27397, 0 
27370, -27 
27395, -2 
27395, -2 
27345, -52 
27345, -52 
27370, -27 
27317, -80 
27317, -80 
27289, -108 
27364, -33 
27364, -33 
27364, -33 
27289, -108 
27214, -183 
27289, -108 
-----212.0원----- 
27289, 0 
27289, 0 
27214, -75 
27289, 0 
27289, 0 
27289, 0 
27289, 0 
27289, 0 
27214, -75 
27214, -75 
27214, -75 
27214, -75 
27289, 0 
27289, 0 
27364, 75 
27387, 98 
27387, 98 
27387, 98 
27387, 98 
27387, 98 
27287, -2 
27287, -2 
27337, 48 
27337, 48 
27337, 48 
27337, 48 
27287, -2 
27287, -2 
27287, -2 
27287, -2 
27209, -80 
27209, -80 
27209, -80 
27182, -107 
27182, -107 
27182, -107 
27182, -107 
27154, -135 
27154, -135 
27154, -135 
27154, -135 
27154, -135 
27154, -135 
27279, -10 
27154, -135 
27029, -260 
27029, -260 
27029, -260 
27029, -260 
27029, -260 
27029, -260 
27029, -260 
27154, -135 
27154, -135 
27154, -135 
27154, -135 
27176, -113 
27076, -213 
27076, -213 
27076, -213 
27076, -213 
27176, -113 
27176, -113 
27176, -113 
27176, -113 
27176, -113 
27176, -113 
27176, -113 
27276, -13 
27343, 54 
27318, 29 
27318, 29 
27318, 29 
27318, 29 
27318, 29 
27318, 29 
27318, 29 
27318, 29 
27318, 29 
27318, 29 
27318, 29 
27343, 54 
27343, 54 
27368, 79 
27368, 79 
27368, 79 
27368, 79 
27368, 79 
27393, 104 
27368, 79 
27393, 104 
27368, 79 
27343, 54 
27318, 29 
27293, 4 
27268, -21 
27243, -46 
27243, -46 
27243, -46 
27216, -73 
27216, -73 
27286, -3 
27236, -53 
27236, -53 
27286, -3 
27236, -53 
27236, -53 
27236, -53 
27236, -53 
27186, -103 
27186, -103 
27186, -103 
27186, -103 
27186, -103 
27186, -103 
27186, -103 
27186, -103 
27236, -53 
27236, -53 
27236, -53 
27236, -53 
27236, -53 
27236, -53 
27236, -53 
27186, -103 
27236, -53 
27236, -53 
27186, -103 
27186, -103 
27186, -103 
27186, -103 
27236, -53 
27186, -103 
27186, -103 
27186, -103 
27186, -103 
27186, -103 
27186, -103 
27136, -153 
27186, -103 
27136, -153 
27136, -153 
27136, -153 
27136, -153 
27136, -153 
27136, -153 
27086, -203 
27058, -231 
27058, -231 
27058, -231 
27030, -259 
27130, -159 
27130, -159 
27030, -259 
27030, -259 
27030, -259 
27130, -159 
27130, -159 
27130, -159 
27130, -159 
27130, -159 
27030, -259 
