-----200.0원----- 
27136, 0 
27261, 125 
27261, 125 
27136, 0 
27261, 125 
27261, 125 
27261, 125 
27261, 125 
27261, 125 
27261, 125 
27261, 125 
27136, 0 
27136, 0 
27136, 0 
27261, 125 
27379, 243 
27424, 288 
27424, 288 
27424, 288 
27424, 288 
27424, 288 
27424, 288 
27424, 288 
27424, 288 
27424, 288 
27424, 288 
27424, 288 
27424, 288 
27424, 288 
27424, 288 
27424, 288 
27424, 288 
27424, 288 
27424, 288 
-----197.0원----- 
27424, 0 
27424, 0 
27424, 0 
27424, 0 
-----197.0원----- 
27424, 0 
27424, 0 
27424, 0 
27424, 0 
27424, 0 
27424, 0 
27424, 0 
27424, 0 
27424, 0 
27424, 0 
27424, 0 
27424, 0 
27424, 0 
27424, 0 
27424, 0 
27424, 0 
27424, 0 
27424, 0 
27424, 0 
27424, 0 
-----196.0원----- 
27424, 0 
27424, 0 
27424, 0 
27424, 0 
27424, 0 
27424, 0 
27424, 0 
27424, 0 
27424, 0 
27424, 0 
27424, 0 
27424, 0 
27424, 0 
27424, 0 
27424, 0 
27424, 0 
27424, 0 
27424, 0 
27424, 0 
27424, 0 
27424, 0 
27424, 0 
27424, 0 
27424, 0 
27424, 0 
27424, 0 
27424, 0 
27424, 0 
27424, 0 
-----198.0원----- 
27424, 0 
27424, 0 
27424, 0 
27424, 0 
27424, 0 
27424, 0 
27424, 0 
27424, 0 
27424, 0 
27424, 0 
27424, 0 
27424, 0 
27424, 0 
27424, 0 
27424, 0 
27424, 0 
27424, 0 
27424, 0 
27424, 0 
27424, 0 
27424, 0 
27424, 0 
27424, 0 
28167, 743 
28200, 776 
27421, -3 
27418, -6 
27418, -6 
-----198.0원----- 
27418, 0 
27418, 0 
27418, 0 
27418, 0 
27418, 0 
27418, 0 
27418, 0 
27418, 0 
27418, 0 
27418, 0 
27418, 0 
27418, 0 
27418, 0 
27418, 0 
27418, 0 
27418, 0 
27418, 0 
27418, 0 
27418, 0 
27418, 0 
27418, 0 
27418, 0 
27418, 0 
27418, 0 
27418, 0 
27418, 0 
27418, 0 
27418, 0 
27418, 0 
27418, 0 
27418, 0 
27418, 0 
27418, 0 
27418, 0 
27418, 0 
27418, 0 
27418, 0 
27418, 0 
27418, 0 
27418, 0 
27418, 0 
27418, 0 
27418, 0 
27418, 0 
27418, 0 
27418, 0 
27418, 0 
27418, 0 
27418, 0 
27418, 0 
27418, 0 
27418, 0 
27418, 0 
27418, 0 
27418, 0 
27418, 0 
27418, 0 
27418, 0 
27418, 0 
27418, 0 
27418, 0 
27418, 0 
27418, 0 
27418, 0 
27418, 0 
27418, 0 
27418, 0 
27418, 0 
27418, 0 
27418, 0 
27418, 0 
27418, 0 
27418, 0 
27418, 0 
27385, -33 
27415, -3 
27352, -66 
27412, -6 
27412, -6 
27412, -6 
27412, -6 
-----196.0원----- 
27412, 0 
27412, 0 
27412, 0 
27412, 0 
27412, 0 
27412, 0 
27412, 0 
27466, 54 
27466, 54 
27466, 54 
27466, 54 
27466, 54 
27466, 54 
27466, 54 
27466, 54 
27433, 21 
27490, 78 
27490, 78 
27490, 78 
27490, 78 
27490, 78 
27490, 78 
27490, 78 
27490, 78 
27490, 78 
27490, 78 
27490, 78 
27490, 78 
27490, 78 
27490, 78 
27490, 78 
27490, 78 
27490, 78 
27490, 78 
27490, 78 
27490, 78 
27490, 78 
27490, 78 
27490, 78 
27490, 78 
27490, 78 
27490, 78 
27490, 78 
27490, 78 
27490, 78 
27490, 78 
27490, 78 
27490, 78 
27490, 78 
27490, 78 
27490, 78 
27490, 78 
27490, 78 
27490, 78 
27490, 78 
27490, 78 
27490, 78 
27490, 78 
27490, 78 
27490, 78 
27490, 78 
27490, 78 
27490, 78 
27490, 78 
27490, 78 
27490, 78 
27490, 78 
27490, 78 
27490, 78 
27490, 78 
27490, 78 
27490, 78 
27490, 78 
27490, 78 
27490, 78 
27490, 78 
27490, 78 
27490, 78 
27490, 78 
27490, 78 
27490, 78 
27490, 78 
27490, 78 
27490, 78 
27490, 78 
27490, 78 
27490, 78 
27490, 78 
27490, 78 
27490, 78 
27490, 78 
27490, 78 
27490, 78 
27490, 78 
33457, 6045 
27427, 15 
27424, 12 
27424, 12 
27424, 12 
27424, 12 
-----198.0원----- 
27424, 0 
27424, 0 
27391, -33 
27391, -33 
-----197.0원----- 
27418, 0 
27418, 0 
27442, 24 
27382, -36 
27349, -69 
27349, -69 
27349, -69 
27349, -69 
27349, -69 
27349, -69 
27349, -69 
27349, -69 
27316, -102 
27436, 18 
27463, 45 
27463, 45 
27463, 45 
27463, 45 
27463, 45 
27463, 45 
27463, 45 
27463, 45 
27463, 45 
27517, 99 
27517, 99 
27517, 99 
27517, 99 
27517, 99 
27517, 99 
27517, 99 
27485, 67 
27485, 67 
27572, 154 
27572, 154 
27572, 154 
27572, 154 
27602, 184 
27602, 184 
27572, 154 
27572, 154 
27602, 184 
27602, 184 
27602, 184 
27602, 184 
27602, 184 
27602, 184 
27602, 184 
27602, 184 
27602, 184 
27602, 184 
27602, 184 
27632, 214 
27632, 214 
27602, 184 
27602, 184 
27602, 184 
27632, 214 
27632, 214 
27689, 271 
27686, 268 
27686, 268 
27716, 298 
27716, 298 
27716, 298 
27746, 328 
27776, 358 
27776, 358 
27776, 358 
27776, 358 
27776, 358 
27746, 328 
27776, 358 
27776, 358 
27626, 208 
27656, 238 
27713, 295 
27739, 321 
27709, 291 
27709, 291 
27586, 168 
27646, 228 
27646, 228 
27646, 228 
27586, 168 
27526, 108 
33404, 5986 
27491, 73 
27551, 133 
27635, 217 
27575, 157 
27635, 217 
27575, 157 
27575, 157 
27575, 157 
27575, 157 
27575, 157 
27392, -26 
27392, -26 
27359, -59 
27239, -179 
27239, -179 
26999, -419 
27119, -299 
27143, -275 
26543, -875 
26423, -995 
26783, -635 
26663, -755 
26663, -755 
26663, -755 
26783, -635 
26903, -515 
26903, -515 
26903, -515 
26903, -515 
27023, -395 
27023, -395 
26903, -515 
27023, -395 
26903, -515 
27023, -395 
27023, -395 
27023, -395 
27047, -371 
26927, -491 
26807, -611 
26807, -611 
26687, -731 
26567, -851 
26447, -971 
26447, -971 
26447, -971 
26447, -971 
26447, -971 
26447, -971 
26687, -731 
26567, -851 
26807, -611 
26687, -731 
26687, -731 
26807, -611 
26807, -611 
26927, -491 
27167, -251 
27287, -131 
26927, -491 
27167, -251 
27047, -371 
27047, -371 
27287, -131 
27287, -131 
27287, -131 
27287, -131 
27167, -251 
26927, -491 
26927, -491 
26927, -491 
26927, -491 
27047, -371 
27047, -371 
26927, -491 
27047, -371 
26927, -491 
26927, -491 
27047, -371 
27047, -371 
27047, -371 
27047, -371 
47038, 19620 
47158, 19740 
47158, 19740 
47158, 19740 
47005, 19587 
47005, 19587 
47005, 19587 
47005, 19587 
47062, 19644 
47029, 19611 
97149, 69731 
97149, 69731 
97149, 69731 
97149, 69731 
97024, 69606 
97024, 69606 
97024, 69606 
96874, 69456 
96724, 69306 
96691, 69273 
97105, 69687 
97105, 69687 
97105, 69687 
96985, 69567 
96985, 69567 
96985, 69567 
96985, 69567 
96985, 69567 
96865, 69447 
96745, 69327 
96745, 69327 
96625, 69207 
96865, 69447 
96745, 69327 
96562, 69144 
96712, 69294 
96862, 69444 
96862, 69444 
96862, 69444 
96862, 69444 
96889, 69471 
96889, 69471 
96889, 69471 
96889, 69471 
96889, 69471 
96889, 69471 
96889, 69471 
96889, 69471 
96889, 69471 
96889, 69471 
96769, 69351 
96769, 69351 
96769, 69351 
96769, 69351 
96769, 69351 
96616, 69198 
96616, 69198 
96584, 69166 
96764, 69346 
96764, 69346 
96665, 69247 
96815, 69397 
96815, 69397 
96815, 69397 
96815, 69397 
96815, 69397 
96815, 69397 
96815, 69397 
96815, 69397 
96815, 69397 
96665, 69247 
96665, 69247 
96632, 69214 
96812, 69394 
96812, 69394 
96812, 69394 
96812, 69394 
96599, 69181 
96599, 69181 
96389, 68971 
96147, 68729 
96147, 68729 
95874, 68456 
95604, 68186 
95874, 68456 
95874, 68456 
95604, 68186 
95604, 68186 
95604, 68186 
95604, 68186 
95604, 68186 
95874, 68456 
96144, 68726 
96171, 68753 
96171, 68753 
96171, 68753 
96171, 68753 
96171, 68753 
96171, 68753 
96171, 68753 
96171, 68753 
96171, 68753 
96171, 68753 
96171, 68753 
96171, 68753 
96171, 68753 
96171, 68753 
96138, 68720 
96408, 68990 
96408, 68990 
96462, 69044 
96462, 69044 
96462, 69044 
96462, 69044 
96462, 69044 
96462, 69044 
96462, 69044 
96490, 69072 
96487, 69069 
96487, 69069 
96487, 69069 
96277, 68859 
96277, 68859 
96277, 68859 
96277, 68859 
96277, 68859 
96277, 68859 
96277, 68859 
96277, 68859 
96277, 68859 
96277, 68859 
96277, 68859 
96487, 69069 
96277, 68859 
96277, 68859 
96487, 69069 
96487, 69069 
96487, 69069 
96487, 69069 
96487, 69069 
96487, 69069 
96487, 69069 
96487, 69069 
96487, 69069 
96487, 69069 
96487, 69069 
96697, 69279 
96697, 69279 
96697, 69279 
96697, 69279 
96697, 69279 
96697, 69279 
96697, 69279 
96697, 69279 
96697, 69279 
96697, 69279 
96697, 69279 
96697, 69279 
96697, 69279 
96907, 69489 
96907, 69489 
96907, 69489 
96454, 69036 
96694, 69276 
96694, 69276 
96721, 69303 
96478, 69060 
96718, 69300 
96718, 69300 
96746, 69328 
96746, 69328 
96746, 69328 
96746, 69328 
96746, 69328 
96746, 69328 
96713, 69295 
96713, 69295 
96713, 69295 
96713, 69295 
96713, 69295 
96680, 69262 
96950, 69532 
96950, 69532 
97031, 69613 
96851, 69433 
96851, 69433 
96851, 69433 
96851, 69433 
96851, 69433 
96671, 69253 
96671, 69253 
96671, 69253 
96671, 69253 
96671, 69253 
96851, 69433 
96851, 69433 
96851, 69433 
96851, 69433 
96851, 69433 
96851, 69433 
96851, 69433 
96819, 69401 
96819, 69401 
96786, 69368 
96786, 69368 
96786, 69368 
96786, 69368 
96786, 69368 
96786, 69368 
96786, 69368 
96786, 69368 
96546, 69128 
96273, 68855 
96570, 69152 
96570, 69152 
96570, 69152 
96570, 69152 
96570, 69152 
96570, 69152 
96570, 69152 
96570, 69152 
96570, 69152 
96330, 68912 
96330, 68912 
96330, 68912 
96330, 68912 
96330, 68912 
96330, 68912 
96330, 68912 
96570, 69152 
96570, 69152 
96810, 69392 
96810, 69392 
97050, 69632 
97050, 69632 
97279, 69861 
97279, 69861 
97399, 69981 
97279, 69861 
97159, 69741 
97159, 69741 
97279, 69861 
97126, 69708 
97276, 69858 
97276, 69858 
97276, 69858 
97276, 69858 
97093, 69675 
97093, 69675 
97060, 69642 
97060, 69642 
97060, 69642 
97060, 69642 
97060, 69642 
97060, 69642 
97060, 69642 
96850, 69432 
96850, 69432 
97060, 69642 
97060, 69642 
97060, 69642 
97060, 69642 
96850, 69432 
97060, 69642 
97060, 69642 
97060, 69642 
97060, 69642 
97060, 69642 
96850, 69432 
96850, 69432 
96850, 69432 
96850, 69432 
96850, 69432 
96850, 69432 
96850, 69432 
96850, 69432 
96850, 69432 
96850, 69432 
96850, 69432 
96850, 69432 
96850, 69432 
96850, 69432 
96850, 69432 
96850, 69432 
96850, 69432 
96850, 69432 
96850, 69432 
96850, 69432 
96850, 69432 
97060, 69642 
97060, 69642 
97060, 69642 
96850, 69432 
96850, 69432 
96850, 69432 
96850, 69432 
96850, 69432 
96850, 69432 
96850, 69432 
96850, 69432 
96850, 69432 
96850, 69432 
96850, 69432 
96850, 69432 
96850, 69432 
96850, 69432 
96850, 69432 
97060, 69642 
96850, 69432 
97060, 69642 
97060, 69642 
97060, 69642 
97060, 69642 
97060, 69642 
97060, 69642 
97060, 69642 
97060, 69642 
97060, 69642 
97060, 69642 
97060, 69642 
97060, 69642 
97060, 69642 
97060, 69642 
97060, 69642 
97270, 69852 
97060, 69642 
97060, 69642 
97270, 69852 
97297, 69879 
97117, 69699 
97297, 69879 
97352, 69934 
97352, 69934 
97352, 69934 
97352, 69934 
97352, 69934 
97352, 69934 
97352, 69934 
97352, 69934 
97232, 69814 
97352, 69934 
97352, 69934 
97352, 69934 
97352, 69934 
97352, 69934 
97352, 69934 
97352, 69934 
97352, 69934 
97352, 69934 
97352, 69934 
97352, 69934 
97352, 69934 
97352, 69934 
97472, 70054 
97472, 70054 
97472, 70054 
97472, 70054 
97352, 69934 
97352, 69934 
97352, 69934 
97352, 69934 
97352, 69934 
97352, 69934 
97352, 69934 
97352, 69934 
97352, 69934 
97352, 69934 
97352, 69934 
97352, 69934 
97472, 70054 
97472, 70054 
97472, 70054 
97472, 70054 
97472, 70054 
97616, 70198 
97496, 70078 
97496, 70078 
97496, 70078 
97496, 70078 
97496, 70078 
97496, 70078 
97496, 70078 
97496, 70078 
97496, 70078 
97496, 70078 
97496, 70078 
97496, 70078 
97496, 70078 
97496, 70078 
97496, 70078 
97496, 70078 
97616, 70198 
97736, 70318 
97856, 70438 
98123, 70705 
98180, 70762 
98240, 70822 
98180, 70762 
98180, 70762 
98240, 70822 
98240, 70822 
98240, 70822 
98240, 70822 
98327, 70909 
98204, 70786 
98228, 70810 
98168, 70750 
98108, 70690 
98135, 70717 
98045, 70627 
97922, 70504 
97979, 70561 
98069, 70651 
98069, 70651 
97979, 70561 
97979, 70561 
97979, 70561 
97979, 70561 
97979, 70561 
97979, 70561 
97979, 70561 
97979, 70561 
97946, 70528 
98094, 70676 
98181, 70763 
98121, 70703 
98121, 70703 
98121, 70703 
98265, 70847 
98265, 70847 
98205, 70787 
98205, 70787 
98205, 70787 
98205, 70787 
98205, 70787 
98205, 70787 
98205, 70787 
98205, 70787 
98205, 70787 
98145, 70727 
98145, 70727 
98145, 70727 
98145, 70727 
98145, 70727 
98145, 70727 
98145, 70727 
98145, 70727 
98145, 70727 
98145, 70727 
98145, 70727 
98085, 70667 
98085, 70667 
98085, 70667 
98085, 70667 
98085, 70667 
98085, 70667 
98085, 70667 
98085, 70667 
98085, 70667 
98085, 70667 
98052, 70634 
98052, 70634 
98052, 70634 
98052, 70634 
98052, 70634 
98052, 70634 
98052, 70634 
98052, 70634 
98052, 70634 
98052, 70634 
98052, 70634 
98052, 70634 
98052, 70634 
98052, 70634 
98052, 70634 
98052, 70634 
98052, 70634 
98052, 70634 
98052, 70634 
98052, 70634 
98052, 70634 
98052, 70634 
98052, 70634 
98052, 70634 
98052, 70634 
98052, 70634 
98166, 70748 
98076, 70658 
98166, 70748 
98076, 70658 
98076, 70658 
98076, 70658 
98076, 70658 
98076, 70658 
98076, 70658 
98076, 70658 
98076, 70658 
98076, 70658 
98076, 70658 
98076, 70658 
98076, 70658 
98076, 70658 
98076, 70658 
98076, 70658 
98076, 70658 
98076, 70658 
98076, 70658 
98076, 70658 
98076, 70658 
-----190.0원----- 
97896, 0 
97986, 90 
97986, 90 
97986, 90 
-----191.0원----- 
97986, 0 
97986, 0 
97986, 0 
-----191.0원----- 
97986, 0 
97986, 0 
97863, -123 
97863, -123 
-----190.0원----- 
97863, 0 
97863, 0 
-----191.0원----- 
97983, 0 
-----192.0원----- 
98100, 0 
98100, 0 
98100, 0 
98100, 0 
-----192.0원----- 
98100, 0 
98100, 0 
-----192.0원----- 
98100, 0 
98010, -90 
98010, -90 
98010, -90 
98010, -90 
98010, -90 
98010, -90 
97888, -212 
98008, -92 
98008, -92 
98008, -92 
98008, -92 
98008, -92 
97975, -125 
97975, -125 
97942, -158 
97942, -158 
97942, -158 
97942, -158 
-----191.0원----- 
97942, 0 
97969, 27 
97969, 27 
97969, 27 
97969, 27 
98119, 177 
98119, 177 
97969, 27 
-----191.0원----- 
97969, 0 1 
98119, 150 1 
-----192.0원----- 
98119, 0, 1 
98173, 54, 1 
98173, 54, 1 
98173, 54, 1.1207936625829413 
98173, 54, 1.1207936625829413 
98173, 54, 1.0 
-----192.0원----- 
98173, 0, 1 
98173, 0, 1 
98173, 0, 1 
-----192.0원----- 
98173, 0, 1 
98173, 0, 1 
98173, 0, 1.0 
98173, 0, 1.0 
98173, 0, 1.0 
98173, 0, 1.0 
98173, 0, 1.0 
98173, 0, 1.0 
98173, 0, 1.0 
98173, 0, 1.0 
98173, 0, 1.0 
98173, 0, 1.0 
98173, 0, 1.0 
98263, 90, 1.0 
98173, 0, 1.21 
98173, 0, 0.83 
98173, 0, 1.0 
98173, 0, 1.0 
98173, 0, 1.0 
98173, 0, 1.0 
98173, 0, 1.0 
98173, 0, 1.0 
98173, 0, 1.0 
98173, 0, 1.0 
98173, 0, 1.0 
98173, 0, 1.0 
98173, 0, 1.0 
98173, 0, 1.0 
98173, 0, 1.0 
98173, 0, 1.0 
98173, 0, 1.0 
98173, 0, 1.0 
98263, 90, 1.0 
98290, 117, 1.21 
98290, 117, 1.06 
98290, 117, 1.0 
98290, 117, 1.0 
98290, 117, 1.0 
98290, 117, 1.0 
98290, 117, 1.0 
98290, 117, 1.0 
98290, 117, 1.0 
98290, 117, 1.0 
98290, 117, 1.0 
98290, 117, 1.0 
98290, 117, 1.0 
98290, 117, 1.0 
98290, 117, 1.0 
98290, 117, 1.0 
98290, 117, 1.0 
98290, 117, 1.0 
98350, 177, 1.0 
98350, 177, 1.13 
98350, 177, 1.0 
98410, 237, 1.0 
98410, 237, 1.13 
98350, 177, 1.0 
98350, 177, 0.88 
98350, 177, 1.0 
98410, 237, 1.0 
98410, 237, 1.13 
98410, 237, 1.0 
98410, 237, 1.0 
98410, 237, 1.0 
98410, 237, 1.0 
98410, 237, 1.0 
98410, 237, 1.0 
98410, 237, 1.0 
98410, 237, 1.0 
98410, 237, 1.0 
98410, 237, 1.0 
98410, 237, 1.0 
-----195.0원----- 
98410, 0, 1 
98350, -60, 1 
98350, -60, 0.88 
98350, -60, 1.0 
98350, -60, 1.0 
98350, -60, 1.0 
98350, -60, 1.0 
98350, -60, 1.0 
98350, -60, 1.0 
98350, -60, 1.0 
98350, -60, 1.0 
98350, -60, 1.0 
98350, -60, 1.0 
98350, -60, 1.0 
98350, -60, 1.0 
98350, -60, 1.0 
98350, -60, 1.0 
98350, -60, 1.0 
98350, -60, 1.0 
98350, -60, 1.0 
98350, -60, 1.0 
98350, -60, 1.0 
98350, -60, 1.0 
98350, -60, 1.0 
98350, -60, 1.0 
98350, -60, 1.0 
98350, -60, 1.0 
98410, 0, 1.0 
98410, 0, 1.13 
98410, 0, 1.0 
98410, 0, 1.0 
98410, 0, 1.0 
98410, 0, 1.0 
98410, 0, 1.0 
98410, 0, 1.0 
98410, 0, 1.0 
98410, 0, 1.0 
98410, 0, 1.0 
98410, 0, 1.0 
98410, 0, 1.0 
98410, 0, 1.0 
98410, 0, 1.0 
98410, 0, 1.0 
98410, 0, 1.0 
98410, 0, 1.0 
98410, 0, 1.0 
98410, 0, 1.0 
98410, 0, 1.0 
98410, 0, 1.0 
98410, 0, 1.0 
98410, 0, 1.0 
98410, 0, 1.0 
98410, 0, 1.0 
98410, 0, 1.0 
98410, 0, 1.0 
98350, -60, 1.0 
98350, -60, 0.88 
98350, -60, 1.0 
98290, -120, 1.0 
98290, -120, 0.88 
98230, -180, 1.0 
98170, -240, 0.88 
98230, -180, 0.88 
98230, -180, 1.14 
98230, -180, 1.0 
98230, -180, 1.0 
98230, -180, 1.0 
98290, -120, 1.0 
98350, -60, 1.13 
98350, -60, 1.13 
98350, -60, 1.0 
98350, -60, 1.0 
98350, -60, 1.0 
98350, -60, 1.0 
98350, -60, 1.0 
98350, -60, 1.0 
98350, -60, 1.0 
98350, -60, 1.0 
98350, -60, 1.0 
98350, -60, 1.0 
98350, -60, 1.0 
98350, -60, 1.0 
98350, -60, 1.0 
98350, -60, 1.0 
98350, -60, 1.0 
98350, -60, 1.0 
98350, -60, 1.0 
98350, -60, 1.0 
98350, -60, 1.0 
98350, -60, 1.0 
98350, -60, 1.0 
98350, -60, 1.0 
98350, -60, 1.0 
98350, -60, 1.0 
98350, -60, 1.0 
98350, -60, 1.0 
98350, -60, 1.0 
98350, -60, 1.0 
98350, -60, 1.0 
98350, -60, 1.0 
98350, -60, 1.0 
98350, -60, 1.0 
98350, -60, 1.0 
98410, 0, 1.0 
98410, 0, 1.13 
98410, 0, 1.0 
98410, 0, 1.0 
98410, 0, 1.0 
98410, 0, 1.0 
98410, 0, 1.0 
98410, 0, 1.0 
98350, -60, 1.0 
98350, -60, 0.88 
98410, 0, 1.0 
98350, -60, 1.13 
98350, -60, 0.88 
98350, -60, 1.0 
98350, -60, 1.0 
98350, -60, 1.0 
98350, -60, 1.0 
98350, -60, 1.0 
98350, -60, 1.0 
98350, -60, 1.0 
98350, -60, 1.0 
98290, -120, 1.0 
98290, -120, 0.88 
98350, -60, 1.0 
98350, -60, 1.13 
98350, -60, 1.0 
98350, -60, 1.0 
98350, -60, 1.0 
98290, -120, 1.0 
98290, -120, 0.88 
98290, -120, 1.0 
98290, -120, 1.0 
98290, -120, 1.0 
98290, -120, 1.0 
98350, -60, 1.0 
98350, -60, 1.13 
98410, 0, 1.0 
98410, 0, 1.13 
98410, 0, 1.0 
98350, -60, 1.0 
98350, -60, 0.88 
98290, -120, 1.0 
98290, -120, 0.88 
98290, -120, 1.0 
98290, -120, 1.0 
98230, -180, 1.0 
98290, -120, 0.88 
98290, -120, 1.13 
98350, -60, 1.0 
98350, -60, 1.13 
98350, -60, 1.0 
98350, -60, 1.0 
98350, -60, 1.0 
98350, -60, 1.0 
98350, -60, 1.0 
98350, -60, 1.0 
98350, -60, 1.0 
98350, -60, 1.0 
98350, -60, 1.0 
98350, -60, 1.0 
98350, -60, 1.0 
98350, -60, 1.0 
98350, -60, 1.0 
98350, -60, 1.0 
98350, -60, 1.0 
98350, -60, 1.0 
98350, -60, 1.0 
98350, -60, 1.0 
98350, -60, 1.0 
98350, -60, 1.0 
98350, -60, 1.0 
98350, -60, 1.0 
98350, -60, 1.0 
98350, -60, 1.0 
98350, -60, 1.0 
98350, -60, 1.0 
98350, -60, 1.0 
98350, -60, 1.0 
98350, -60, 1.0 
98350, -60, 1.0 
98350, -60, 1.0 
98350, -60, 1.0 
98410, 0, 1.0 
98410, 0, 1.13 
98410, 0, 1.0 
98410, 0, 1.0 
98410, 0, 1.0 
98410, 0, 1.0 
98410, 0, 1.0 
98410, 0, 1.0 
98410, 0, 1.0 
98350, -60, 1.0 
98350, -60, 0.88 
98470, 60, 1.0 
98590, 180, 1.28 
98590, 180, 1.28 
98590, 180, 1.0 
98590, 180, 1.0 
98590, 180, 1.0 
98650, 240, 1.0 
98737, 327, 1.13 
98767, 357, 1.19 
98767, 357, 1.06 
98797, 387, 1.0 
98767, 357, 1.06 
98827, 417, 0.94 
98887, 477, 1.13 
98947, 537, 1.13 
98887, 477, 1.12 
98827, 417, 0.89 
98797, 387, 0.89 
98827, 417, 0.94 
98827, 417, 1.06 
98827, 417, 1.0 
98827, 417, 1.0 
98797, 387, 1.0 
98797, 387, 0.94 
98797, 387, 1.0 
98827, 417, 1.0 
98797, 387, 1.06 
98797, 387, 0.94 
98767, 357, 1.0 
98767, 357, 0.94 
98767, 357, 1.0 
98767, 357, 1.0 
98737, 327, 1.0 
98737, 327, 0.94 
98647, 237, 1.0 
98677, 267, 0.83 
98707, 297, 1.06 
98707, 297, 1.06 
98737, 327, 1.0 
98737, 327, 1.06 
98737, 327, 1.0 
98737, 327, 1.0 
98737, 327, 1.0 
98737, 327, 1.0 
98737, 327, 1.0 
98767, 357, 1.0 
98767, 357, 1.06 
98767, 357, 1.0 
98767, 357, 1.0 
98767, 357, 1.0 
98767, 357, 1.0 
98767, 357, 1.0 
98767, 357, 1.0 
98767, 357, 1.0 
98737, 327, 1.0 
98737, 327, 0.94 
98737, 327, 1.0 
98737, 327, 1.0 
98737, 327, 1.0 
98707, 297, 1.0 
98707, 297, 0.94 
98737, 327, 1.0 
98707, 297, 1.06 
98737, 327, 0.94 
98737, 327, 1.06 
98737, 327, 1.0 
98737, 327, 1.0 
98737, 327, 1.0 
98737, 327, 1.0 
98737, 327, 1.0 
98737, 327, 1.0 
98707, 297, 1.0 
98647, 237, 0.94 
98647, 237, 0.88 
98677, 267, 1.0 
98677, 267, 1.06 
98707, 297, 1.0 
98707, 297, 1.06 
98677, 267, 1.0 
98677, 267, 0.94 
98677, 267, 1.0 
98647, 237, 1.0 
98677, 267, 0.94 
98647, 237, 1.06 
98647, 237, 0.94 
98677, 267, 1.0 
98677, 267, 1.06 
98677, 267, 1.0 
98677, 267, 1.0 
98677, 267, 1.0 
98677, 267, 1.0 
98677, 267, 1.0 
98677, 267, 1.0 
98677, 267, 1.0 
98677, 267, 1.0 
98677, 267, 1.0 
98677, 267, 1.0 
98647, 237, 1.0 
98647, 237, 0.94 
98647, 237, 1.0 
98617, 207, 1.0 
98617, 207, 0.94 
98617, 207, 1.0 
98617, 207, 1.0 
98617, 207, 1.0 
98617, 207, 1.0 
98617, 207, 1.0 
98617, 207, 1.0 
98617, 207, 1.0 
98617, 207, 1.0 
98617, 207, 1.0 
98617, 207, 1.0 
98617, 207, 1.0 
98617, 207, 1.0 
98617, 207, 1.0 
98617, 207, 1.0 
98617, 207, 1.0 
98617, 207, 1.0 
98617, 207, 1.0 
98617, 207, 1.0 
98617, 207, 1.0 
98617, 207, 1.0 
98617, 207, 1.0 
98617, 207, 1.0 
98617, 207, 1.0 
98617, 207, 1.0 
98617, 207, 1.0 
98617, 207, 1.0 
98647, 237, 1.0 
98647, 237, 1.06 
98647, 237, 1.0 
98647, 237, 1.0 
98647, 237, 1.0 
98647, 237, 1.0 
98647, 237, 1.0 
98647, 237, 1.0 
98647, 237, 1.0 
98647, 237, 1.0 
98647, 237, 1.0 
98647, 237, 1.0 
98647, 237, 1.0 
98647, 237, 1.0 
98647, 237, 1.0 
98647, 237, 1.0 
98647, 237, 1.0 
98647, 237, 1.0 
98647, 237, 1.0 
98647, 237, 1.0 
98647, 237, 1.0 
98647, 237, 1.0 
98647, 237, 1.0 
98647, 237, 1.0 
98647, 237, 1.0 
98647, 237, 1.0 
98647, 237, 1.0 
98677, 267, 1.0 
98677, 267, 1.06 
98647, 237, 1.0 
98617, 207, 0.94 
98617, 207, 0.94 
98617, 207, 1.0 
98617, 207, 1.0 
98617, 207, 1.0 
98617, 207, 1.0 
98617, 207, 1.0 
98617, 207, 1.0 
98617, 207, 1.0 
98617, 207, 1.0 
98617, 207, 1.0 
98617, 207, 1.0 
98587, 177, 1.0 
98587, 177, 0.94 
98587, 177, 1.0 
98587, 177, 1.0 
98587, 177, 1.0 
98587, 177, 1.0 
98587, 177, 1.0 
98587, 177, 1.0 
-----196.0원----- 
98617, 0, 1 
98647, 30, 1 
98647, 30, 1.06 
98647, 30, 1.0 
98647, 30, 1.0 
98647, 30, 1.0 
98647, 30, 1.0 
-----197.0원----- 
98647, 0, 1 
98647, 0, 1 
98677, 30, 1.0 
98677, 30, 1.06 
-----197.0원----- 
98647, 0, 1 
98647, 0, 1 
98677, 30, 1.0 
98677, 30, 1.06 
98677, 30, 1.0 
98677, 30, 1.0 
98677, 30, 1.0 
98677, 30, 1.0 
98677, 30, 1.0 
98677, 30, 1.0 
98677, 30, 1.0 
98677, 30, 1.0 
98677, 30, 1.0 
98677, 30, 1.0 
98677, 30, 1.0 
98677, 30, 1.0 
98707, 60, 1.0 
98707, 60, 1.06 
98707, 60, 1.0 
98707, 60, 1.0 
98707, 60, 1.0 
98707, 60, 1.0 
98707, 60, 1.0 
98677, 30, 1.0 
98677, 30, 0.94 
98677, 30, 1.0 
98677, 30, 1.0 
98677, 30, 1.0 
98677, 30, 1.0 
98677, 30, 1.0 
98677, 30, 1.0 
98677, 30, 1.0 
98677, 30, 1.0 
98677, 30, 1.0 
98677, 30, 1.0 
98677, 30, 1.0 
98677, 30, 1.0 
98677, 30, 1.0 
98707, 60, 1.0 
98707, 60, 1.06 
98707, 60, 1.0 
98797, 150, 1.0 
98797, 150, 1.2 
98827, 180, 1.0 
98827, 180, 1.06 
98827, 180, 1.0 
98857, 210, 1.0 
98947, 300, 1.06 
98947, 300, 1.19 
98947, 300, 1.0 
98947, 300, 1.0 
98947, 300, 1.0 
98917, 270, 1.0 
98857, 210, 0.94 
98857, 210, 0.89 
-----204.0원----- 
98857, 0, 1 
98857, 0, 1 
98857, 0, 1.0 
98887, 30, 1.0 
98887, 30, 1.0 
98887, 30, 1.0 
98917, 60, 1.0 
98947, 90, 1.0 
98947, 90, 1.0 
98947, 90, 1.0 
98917, 60, 1.0 
98917, 60, 1.0 
98917, 60, 1.0 
98947, 90, 1.0 
-----206.0원----- 
98917, 0, 1 
98947, 30, 1 
98947, 30, 1.06 
98977, 60, 1.06 
99007, 90, 1.06 
99037, 120, 1.06 
99037, 120, 1.06 
99007, 90, 1.06 
매수:208.098913, -4, 1.06 
98913, -4, 1.06 
98913, -4, 0.94 
-----207.0원----- 
98913, 0, 1 
98913, 0, 1 
98852, -61, 1.0 
98791, -122, 1.0 
98791, -122, 1.0 
매수:205.0매도:206.098697, -216, 1.0 
98697, -216, 1.0 
98697, -216, 0.65 
98815, -98, 0.65 
98815, -98, 1.26 
98876, -37, 1.26 
매도:207.0매수:206.098970, 57, 1.26 
98966, 53, 1.26 
98905, -8, 1.26 
98844, -69, 1.19 
98844, -69, 1.19 
98844, -69, 1.19 
98844, -69, 1.19 
98844, -69, 1.19 
98844, -69, 1.19 
98844, -69, 1.19 
98844, -69, 1.19 
98844, -69, 1.19 
매수:205.0매도:206.098745, -168, 1.19 
98745, -168, 1.19 
98745, -168, 0.73 
98841, -72, 0.73 
98841, -72, 0.73 
98745, -168, 0.73 
98745, -168, 0.73 
-----205.0원----- 
98841, 0, 1 
98841, 0, 1 
매수:205.0매도:206.098711, -130, 1.0 
매수:205.0매도:206.098678, -163, 1.0 
98678, -163, 1.0 
98678, -163, 0.8 
98678, -163, 0.8 
98678, -163, 0.8 
98678, -163, 0.8 
98678, -163, 0.8 
98678, -163, 0.8 
98678, -163, 0.8 
98678, -163, 0.8 
98522, -319, 0.8 
98678, -163, 0.8 
98522, -319, 0.8 
98522, -319, 0.8 
98522, -319, 0.8 
98366, -475, 0.8 
98366, -475, 0.8 
98366, -475, 0.8 
98366, -475, 0.8 
98366, -475, 0.8 
98366, -475, 0.8 
98366, -475, 0.8 
98366, -475, 0.8 
98366, -475, 0.8 
98366, -475, 0.8 
98210, -631, 0.8 
98210, -631, 0.8 
98210, -631, 0.8 
98210, -631, 0.8 
98210, -631, 0.8 
98210, -631, 0.8 
98210, -631, 0.8 
98210, -631, 0.8 
98210, -631, 0.8 
98210, -631, 0.8 
98210, -631, 0.8 
98054, -787, 0.8 
98054, -787, 0.8 
98054, -787, 0.8 
98054, -787, 0.8 
98054, -787, 0.8 
98054, -787, 0.8 
98054, -787, 0.8 
97898, -943, 0.8 
97898, -943, 0.8 
97898, -943, 0.8 
97898, -943, 0.8 
97898, -943, 0.8 
97898, -943, 0.8 
97898, -943, 0.8 
97898, -943, 0.8 
97898, -943, 0.8 
98054, -787, 0.8 
98054, -787, 0.8 
98054, -787, 0.8 
98054, -787, 0.8 
98054, -787, 0.8 
98054, -787, 0.8 
98054, -787, 0.8 
98054, -787, 0.8 
98210, -631, 0.8 
98210, -631, 0.8 
98210, -631, 0.8 
-----201.0원----- 
98210, 0, 1 
98210, 0, 1 
98210, 0, 1.0 
98210, 0, 1.0 
98210, 0, 1.0 
98210, 0, 1.0 
98366, 156, 1.0 
98366, 156, 1.0 
98366, 156, 1.0 
98366, 156, 1.0 
98366, 156, 1.0 
98366, 156, 1.0 
98210, 0, 1.0 
98210, 0, 1.0 
98210, 0, 1.0 
98210, 0, 1.0 
98210, 0, 1.0 
98210, 0, 1.0 
98210, 0, 1.0 
98210, 0, 1.0 
98210, 0, 1.0 
98210, 0, 1.0 
98210, 0, 1.0 
98210, 0, 1.0 
98210, 0, 1.0 
98210, 0, 1.0 
98210, 0, 1.0 
98210, 0, 1.0 
98210, 0, 1.0 
98210, 0, 1.0 
98210, 0, 1.0 
-----201.0원----- 
98210, 0, 1 
98210, 0, 1 
98210, 0, 1.0 
98210, 0, 1.0 
98210, 0, 1.0 
98210, 0, 1.0 
98210, 0, 1.0 
98210, 0, 1.0 
98210, 0, 1.0 
98210, 0, 1.0 
98210, 0, 1.0 
98210, 0, 1.0 
98210, 0, 1.0 
98210, 0, 1.0 
98210, 0, 1.0 
98210, 0, 1.0 
98210, 0, 1.0 
98210, 0, 1.0 
98210, 0, 1.0 
98210, 0, 1.0 
98210, 0, 1.0 
98210, 0, 1.0 
98210, 0, 1.0 
98210, 0, 1.0 
98366, 156, 1.0 
98366, 156, 1.0 
98366, 156, 1.0 
98366, 156, 1.0 
98366, 156, 1.0 
98366, 156, 1.0 
98366, 156, 1.0 
98366, 156, 1.0 
98366, 156, 1.0 
98366, 156, 1.0 
98366, 156, 1.0 
98366, 156, 1.0 
98366, 156, 1.0 
98366, 156, 1.0 
98366, 156, 1.0 
98366, 156, 1.0 
98366, 156, 1.0 
98366, 156, 1.0 
98366, 156, 1.0 
98366, 156, 1.0 
98366, 156, 1.0 
98366, 156, 1.0 
98366, 156, 1.0 
98366, 156, 1.0 
98366, 156, 1.0 
98366, 156, 1.0 
98366, 156, 1.0 
98366, 156, 1.0 
98366, 156, 1.0 
98366, 156, 1.0 
98366, 156, 1.0 
98366, 156, 1.0 
98366, 156, 1.0 
98366, 156, 1.0 
98366, 156, 1.0 
98366, 156, 1.0 
98366, 156, 1.0 
98522, 312, 1.0 
98522, 312, 1.86 
98522, 312, 1.86 
98522, 312, 1.86 
98678, 468, 1.86 
98834, 624, 1.86 
98981, 771, 1.86 
99042, 832, 1.86 
99042, 832, 1.86 
99042, 832, 1.86 
99042, 832, 1.86 
99042, 832, 1.86 
99042, 832, 1.86 
매도:206.0매수:205.0110354, 12144, 1.86 
매도:205.0매수:204.099007, 797, 1.86 
99007, 797, 1.86 
98946, 736, 2.61 
98885, 675, 2.61 
매수:204.098799, 589, 2.61 
98938, 728, 2.61 
98938, 728, 0.9 
98938, 728, 0.9 
매수:204.0매도:205.098769, 559, 0.9 
98769, 559, 0.9 
98769, 559, 0.9 
98769, 559, 0.9 
98769, 559, 0.9 
98769, 559, 0.9 
98769, 559, 0.9 
98935, 725, 0.9 
98769, 559, 0.9 
98769, 559, 0.9 
매수:204.0매도:205.098740, 530, 0.9 
98933, 723, 0.9 
-----204.0원----- 
98933, 0, 1 
98933, 0, 1 
98933, 0, 1.0 
98933, 0, 1.0 
98933, 0, 1.0 
98933, 0, 1.0 
98933, 0, 1.0 
98933, 0, 1.0 
98981, 48, 1.0 
98981, 48, 1.0 
98981, 48, 1.0 
98842, -91, 1.0 
98981, 48, 1.0 
98842, -91, 1.0 
98842, -91, 1.0 
98842, -91, 1.0 
98842, -91, 1.0 
98842, -91, 1.0 
98842, -91, 1.0 
98842, -91, 1.0 
98842, -91, 1.0 
98842, -91, 1.0 
98842, -91, 1.0 
98842, -91, 1.0 
98842, -91, 1.0 
98842, -91, 1.0 
98842, -91, 1.0 
98842, -91, 1.0 
98842, -91, 1.0 
98842, -91, 1.0 
98842, -91, 1.0 
98842, -91, 1.0 
98842, -91, 1.0 
98842, -91, 1.0 
98842, -91, 1.0 
98842, -91, 1.0 
98842, -91, 1.0 
98842, -91, 1.0 
98842, -91, 1.0 
98842, -91, 1.0 
98842, -91, 1.0 
98842, -91, 1.0 
98842, -91, 1.0 
98842, -91, 1.0 
98842, -91, 1.0 
매수:203.0매도:204.098670, -263, 1.0 
98670, -263, 1.0 
매수:203.0매도:204.098640, -293, 0.9 
98640, -293, 0.9 
98640, -293, 0.94 
매수:203.0매도:204.098609, -324, 0.94 
98833, -100, 0.94 
98833, -100, 1.47 
98609, -324, 1.47 
98609, -324, 1.47 
98609, -324, 1.47 
98609, -324, 1.47 
98609, -324, 1.47 
98609, -324, 1.47 
98609, -324, 1.47 
98609, -324, 1.47 
98609, -324, 1.47 
98609, -324, 1.47 
98385, -548, 1.47 
98385, -548, 1.47 
매수:202.0매도:203.098337, -596, 1.47 
매수:202.0매도:203.098289, -644, 1.47 
매수:202.0매도:203.098240, -693, 1.47 
98240, -693, 1.47 
매수:202.0매도:203.098210, -723, 0.9 
98210, -723, 0.9 
98210, -723, 0.94 
매수:202.0매도:203.098180, -753, 0.94 
98591, -342, 0.94 
매수:202.0매도:203.098109, -824, 2.15 
98584, -349, 2.15 
98584, -349, 0.99 
98584, -349, 0.99 
98584, -349, 0.99 
98584, -349, 0.99 
98584, -349, 0.99 
98584, -349, 0.99 
98584, -349, 0.99 
98584, -349, 0.99 
98810, -123, 0.99 
98867, -66, 0.99 
99110, 177, 0.99 
매수:204.0매도:205.0104563, 5630, 0.99 
매도:205.0매수:204.0104974, 6041, 0.99 
104808, 5875, 0.99 
104808, 5875, 235781.53 
99157, 224, 235781.53 
99157, 224, 235781.53 
99157, 224, 235781.53 
99157, 224, 235781.53 
99157, 224, 235781.53 
99157, 224, 235781.53 
99157, 224, 235781.53 
99157, 224, 235781.53 
99157, 224, 235781.53 
99157, 224, 235781.53 
99157, 224, 235781.53 
99157, 224, 235781.53 
99157, 224, 235781.53 
-----203.0원----- 
99157, 0, 1 
99157, 0, 1 
99157, 0, 1.0 
99157, 0, 1.0 
99018, -139, 1.0 
99018, -139, 1.0 
99018, -139, 1.0 
99018, -139, 1.0 
99018, -139, 1.0 
99018, -139, 1.0 
99018, -139, 1.0 
99018, -139, 1.0 
매수:203.0매도:204.098985, -172, 1.0 
99154, -3, 1.0 
99154, -3, 0.99 
99154, -3, 0.99 
99154, -3, 0.99 
99154, -3, 0.99 
98985, -172, 0.99 
98985, -172, 0.99 
98985, -172, 0.99 
98985, -172, 0.99 
98985, -172, 0.99 
98985, -172, 0.99 
98985, -172, 0.99 
98985, -172, 0.99 
98985, -172, 0.99 
98985, -172, 0.99 
98985, -172, 0.99 
98985, -172, 0.99 
98985, -172, 0.99 
98985, -172, 0.99 
98985, -172, 0.99 
98985, -172, 0.99 
98985, -172, 0.99 
98985, -172, 0.99 
98985, -172, 0.99 
98985, -172, 0.99 
98985, -172, 0.99 
98985, -172, 0.99 
98985, -172, 0.99 
98985, -172, 0.99 
98985, -172, 0.99 
98985, -172, 0.99 
98985, -172, 0.99 
98985, -172, 0.99 
-----202.0원----- 
98985, 0, 1 
98985, 0, 1 
-----202.0원----- 
98985, 0, 1 
98985, 0, 1 
98985, 0, 1.0 
99154, 169, 1.0 
99154, 169, 1.0 
매수:203.0매도:204.098952, -33, 1.0 
98952, -33, 1.0 
98952, -33, 0.94 
99151, 166, 0.94 
-----202.0원----- 
98952, 0, 1 
98952, 0, 1 
98952, 0, 1.0 
98952, 0, 1.0 
98952, 0, 1.0 
98952, 0, 1.0 
98952, 0, 1.0 
매수:202.0매도:203.0104750, 5798, 1.0 
98720, -232, 1.0 
98720, -232, 0.9 
매수:202.0매도:203.098690, -262, 0.9 
98690, -262, 0.9 
매수:202.0매도:203.098659, -293, 0.94 
98659, -293, 0.94 
98659, -293, 0.94 
매수:202.0매도:203.098628, -324, 0.94 
98628, -324, 0.94 
매수:202.0매도:203.098598, -354, 0.94 
매수:202.0매도:203.098567, -385, 0.94 
98935, -17, 0.94 
매수:202.0매도:203.098506, -446, 1.85 
매수:202.0매도:203.098446, -506, 1.85 
98924, -28, 1.85 
98446, -506, 0.98 
98446, -506, 0.98 
98446, -506, 0.9 
98446, -506, 0.9 
98446, -506, 0.9 
303842, 204890, 1.0 
303842, 204890, 1.0 
303842, 204890, 1.0 
303842, 204890, 1.0 
303842, 204890, 1.0 
-----201.0원----- 
303842, 0, 1 
303842, 0, 1 
303364, -478, 1.0 
매수:201.0매도:202.0303331, -511, 1.0 
303331, -511, 1.0 
303331, -511, 0.9 
매수:201.0매도:202.0303301, -541, 0.9 
매수:201.0매도:202.0303272, -570, 0.9 
303834, -8, 0.9 
303834, -8, 2.0 
303834, -8, 2.0 
303834, -8, 2.0 
303834, -8, 2.0 
303272, -570, 2.0 
303272, -570, 2.0 
303272, -570, 2.0 
303272, -570, 2.0 
303834, -8, 2.0 
303834, -8, 2.0 
303272, -570, 2.0 
303272, -570, 2.0 
303272, -570, 2.0 
303272, -570, 2.0 
303272, -570, 2.0 
303272, -570, 2.0 
303272, -570, 2.0 
303272, -570, 2.0 
303272, -570, 2.0 
303272, -570, 2.0 
303272, -570, 2.0 
303272, -570, 2.0 
303272, -570, 2.0 
303272, -570, 2.0 
303272, -570, 2.0 
303272, -570, 2.0 
303272, -570, 2.0 
303272, -570, 2.0 
303272, -570, 2.0 
303272, -570, 2.0 
303272, -570, 2.0 
303272, -570, 2.0 
303272, -570, 2.0 
303272, -570, 2.0 
303272, -570, 2.0 
303272, -570, 2.0 
303272, -570, 2.0 
303272, -570, 2.0 
303272, -570, 2.0 
303272, -570, 2.0 
303272, -570, 2.0 
303272, -570, 2.0 
303272, -570, 2.0 
303272, -570, 2.0 
303272, -570, 2.0 
303272, -570, 2.0 
303272, -570, 2.0 
303272, -570, 2.0 
303272, -570, 2.0 
303272, -570, 2.0 
303272, -570, 2.0 
303272, -570, 2.0 
303272, -570, 2.0 
303272, -570, 2.0 
303834, -8, 2.0 
303272, -570, 2.0 
303272, -570, 2.0 
303272, -570, 2.0 
3303272, 2999430, 2.0 
3303272, 2999430, 2.0 
297996, -5846, 1.0 
297996, -5846, 1.0 
297996, -5846, 1.0 
297996, -5846, 1.0 
297996, -5846, 1.0 
297996, -5846, 1.0 
297996, -5846, 1.0 
297996, -5846, 1.0 
297996, -5846, 1.0 
297996, -5846, 1.0 
297996, -5846, 1.0 
297996, -5846, 1.0 
297996, -5846, 1.0 
297996, -5846, 1.0 
297996, -5846, 1.0 
297996, -5846, 1.0 
297996, -5846, 1.0 
-----200.0원----- 
297996, 0, 1 
297996, 0, 1 
297996, 0, 1.0 
297996, 0, 1.0 
297996, 0, 1.0 
297996, 0, 1.0 
297996, 0, 1.0 
297996, 0, 1.0 
297996, 0, 1.0 
297996, 0, 1.0 
297434, -562, 1.0 
297434, -562, 1.0 
297434, -562, 1.0 
297434, -562, 1.0 
297434, -562, 1.0 
297434, -562, 1.0 
303690, 5694, 1.0 
매도:205.0매수:204.0299920, 1924, 1.0 
299361, 1365, 1.0 
매수:203.0매도:204.0299467, 1471, 1.0 
299636, 1640, 1.0 
299467, 1471, 1.73 
298960, 964, 1.73 
매수:202.0매도:203.0308680, 10684, 1.73 
매수:199.0매도:200.0298577, 581, 1.73 
299114, 1118, 1.73 
298894, 898, 0.9 
298894, 898, 0.9 
298894, 898, 0.9 
298894, 898, 0.9 
298894, 898, 0.9 
298894, 898, 0.9 
298894, 898, 0.9 
298894, 898, 0.9 
298894, 898, 0.9 
298894, 898, 0.9 
298894, 898, 0.9 
298894, 898, 0.9 
298894, 898, 0.9 
298894, 898, 0.9 
298894, 898, 0.9 
298674, 678, 0.9 
298674, 678, 0.9 
매수:199.0매도:200.0298644, 648, 0.9 
298891, 895, 0.9 
매수:199.0매도:200.0298615, 619, 0.9 
298889, 893, 0.9 
298889, 893, 1.0 
매수:199.0매도:200.0298582, 586, 1.0 
298582, 586, 1.0 
298582, 586, 0.9 
298886, 890, 0.9 
298582, 586, 0.9 
298582, 586, 0.9 
298582, 586, 0.9 
298582, 586, 0.9 
298582, 586, 0.9 
298886, 890, 0.9 
298886, 890, 0.9 
298582, 586, 0.9 
298582, 586, 0.9 
298582, 586, 0.9 
298886, 890, 0.9 
298886, 890, 0.9 
298886, 890, 0.9 
298886, 890, 0.9 
298886, 890, 0.9 
298886, 890, 0.9 
298582, 586, 0.9 
298582, 586, 0.9 
298582, 586, 0.9 
298582, 586, 0.9 
298582, 586, 0.9 
298886, 890, 0.9 
298886, 890, 0.9 
298582, 586, 0.9 
298886, 890, 0.9 
298582, 586, 0.9 
298582, 586, 0.9 
298582, 586, 0.9 
298582, 586, 0.9 
298582, 586, 0.9 
298582, 586, 0.9 
-----198.0원----- 
298582, 0, 1 
298582, 0, 1.0 
298582, 0, 1.0 
298582, 0, 1.0 
298582, 0, 1.0 
298582, 0, 1.0 
298582, 0, 1.0 
298582, 0, 1.0 
298582, 0, 1.0 
298886, 304, 1.0 
298886, 304, 1.86 
298582, 0, 1.0 
298582, 0, 0.9 
298582, 0, 1.0 
298886, 304, 1.0 
298582, 0, 1.86 
298886, 304, 0.9 
298886, 304, 1.86 
298886, 304, 1.0 
298886, 304, 1.0 
298886, 304, 1.0 
298886, 304, 1.0 
298886, 304, 1.0 
298582, 0, 1.0 
298886, 304, 0.9 
298582, 0, 1.86 
298886, 304, 0.9 
298886, 304, 1.86 
298886, 304, 1.0 
298582, 0, 1.0 
298582, 0, 0.9 
298582, 0, 1.0 
298582, 0, 1.0 
298582, 0, 1.0 
298886, 304, 1.0 
298886, 304, 1.86 
298886, 304, 1.0 
298886, 304, 1.0 
298886, 304, 1.0 
298886, 304, 1.0 
298582, 0, 1.0 
298582, 0, 0.9 
298582, 0, 1.0 
298582, 0, 1.0 
298886, 304, 1.0 
298886, 304, 1.86 
298886, 304, 1.0 
298886, 304, 1.0 
298886, 304, 1.0 
298582, 0, 1.0 
298582, 0, 0.9 
298582, 0, 1.0 
298582, 0, 1.0 
-----198.0원----- 
298582, 0, 1 
298582, 0, 1.0 
298582, 0, 1.0 
298582, 0, 1.0 
298582, 0, 1.0 
298582, 0, 1.0 
298582, 0, 1.0 
298582, 0, 1.0 
298582, 0, 1.0 
298278, -304, 1.0 
298278, -304, 0.9 
298278, -304, 1.0 
298278, -304, 1.0 
298278, -304, 1.0 
298278, -304, 1.0 
298278, -304, 1.0 
298278, -304, 1.0 
298278, -304, 1.0 
매수:197.0매도:198.0297941, -641, 1.0 
297941, -641, 0.9 
매수:197.0매도:198.0303788, 5206, 1.0 
매수:197.0매도:198.0297875, -707, 1.0 
298269, -313, 1.0 
298269, -313, 2.0 
298269, -313, 1.0 
298269, -313, 1.0 
298269, -313, 1.0 
298269, -313, 1.0 
298269, -313, 1.0 
298654, 72, 1.0 
298654, 72, 2.0 
298654, 72, 1.0 
298654, 72, 1.0 
298654, 72, 1.0 
298958, 376, 1.0 
298958, 376, 1.86 
298958, 376, 1.0 
298958, 376, 1.0 
298654, 72, 1.0 
298654, 72, 0.9 
298654, 72, 1.0 
298654, 72, 1.0 
298654, 72, 1.0 
298654, 72, 1.0 
298654, 72, 1.0 
298654, 72, 1.0 
298654, 72, 1.0 
298654, 72, 1.0 
298654, 72, 1.0 
298654, 72, 1.0 
298654, 72, 1.0 
매도:198.0매수:197.0298678, 96, 1.0 
298374, -208, 1.05 
매도:198.0매수:197.0298702, 120, 0.9 
298398, -184, 1.96 
298702, 120, 0.9 
298702, 120, 1.86 
298702, 120, 1.0 
298702, 120, 1.0 
298702, 120, 1.0 
298702, 120, 1.0 
298702, 120, 1.0 
298702, 120, 1.0 
298398, -184, 1.0 
298398, -184, 0.9 
298398, -184, 1.0 
298398, -184, 1.0 
298398, -184, 1.0 
298398, -184, 1.0 
298702, 120, 1.0 
-----198.0원----- 
198.0, 298702, 0, 1 
-----198.0원----- 
298702, 198.0, 0, 1 
298702, 198.0, 0, 1.0 
298702, 198.0, 0, 1.0 
298702, 198.0, 0, 1.0 
298702, 198.0, 0, 1.0 
298702, 198.0, 0, 1.0 
298702, 198.0, 0, 1.0 
298702, 198.0, 0, 1.0 
298702, 198.0, 0, 1.0 
298702, 198.0, 0, 1.0 
298702, 198.0, 0, 1.0 
298702, 198.0, 0, 1.0 
298702, 198.0, 0, 1.0 
298702, 198.0, 0, 1.0 
298702, 198.0, 0, 1.0 
298702, 198.0, 0, 1.0 
298702, 198.0, 0, 1.0 
298702, 198.0, 0, 1.0 
298702, 198.0, 0, 1.0 
298702, 198.0, 0, 1.0 
298702, 198.0, 0, 1.0 
298702, 198.0, 0, 1.0 
298702, 198.0, 0, 1.0 
298702, 198.0, 0, 1.0 
298702, 198.0, 0, 1.0 
298702, 198.0, 0, 1.0 
298702, 198.0, 0, 1.0 
298702, 198.0, 0, 1.0 
298702, 198.0, 0, 1.0 
298702, 198.0, 0, 1.0 
298702, 198.0, 0, 1.0 
298702, 198.0, 0, 1.0 
298702, 198.0, 0, 1.0 
298702, 198.0, 0, 1.0 
298398, 197.0, -304, 1.0 
298398, 197.0, -304, 0.9 
298398, 197.0, -304, 1.0 
298702, 198.0, 0, 1.0 
298702, 198.0, 0, 1.86 
298702, 198.0, 0, 1.0 
298702, 198.0, 0, 1.0 
298702, 198.0, 0, 1.0 
298702, 198.0, 0, 1.0 
298702, 198.0, 0, 1.0 
298702, 198.0, 0, 1.0 
298702, 198.0, 0, 1.0 
298702, 198.0, 0, 1.0 
298702, 198.0, 0, 1.0 
298702, 198.0, 0, 1.0 
298702, 198.0, 0, 1.0 
298702, 198.0, 0, 1.0 
298702, 198.0, 0, 1.0 
298702, 198.0, 0, 1.0 
298702, 198.0, 0, 1.0 
298702, 198.0, 0, 1.0 
298702, 198.0, 0, 1.0 
298702, 198.0, 0, 1.0 
298702, 198.0, 0, 1.0 
298702, 198.0, 0, 1.0 
298702, 198.0, 0, 1.0 
298702, 198.0, 0, 1.0 
299006, 199.0, 304, 1.0 
299006, 199.0, 304, 1.86 
299006, 199.0, 304, 1.0 
299302, 200.0, 600, 1.0 
299302, 200.0, 600, 1.82 
299302, 200.0, 600, 1.0 
299522, 201.0, 820, 1.0 
299522, 201.0, 820, 1.56 
299522, 201.0, 820, 1.0 
299522, 201.0, 820, 1.0 
299742, 202.0, 1040, 1.0 
매도:203.0매수:202.0299983, 203.0, 1281, 1.56 
299811, 202.0, 1109, 1.62 
299811, 202.0, 1109, 0.9 
299811, 202.0, 1109, 1.0 
299811, 202.0, 1109, 1.0 
300007, 203.0, 1305, 1.0 
300007, 203.0, 1305, 1.48 
300007, 203.0, 1305, 1.0 
300007, 203.0, 1305, 1.0 
300146, 204.0, 1444, 1.0 
300007, 203.0, 1305, 1.32 
300007, 203.0, 1305, 0.9 
300007, 203.0, 1305, 1.0 
300007, 203.0, 1305, 1.0 
300007, 203.0, 1305, 1.0 
300007, 203.0, 1305, 1.0 
299729, 201.0, 1027, 1.0 
299729, 201.0, 1027, 0.9 
299868, 202.0, 1166, 1.0 
299868, 202.0, 1166, 1.32 
299868, 202.0, 1166, 1.0 
300007, 203.0, 1305, 1.0 
300007, 203.0, 1305, 1.32 
300007, 203.0, 1305, 1.0 
300007, 203.0, 1305, 1.0 
300007, 203.0, 1305, 1.0 
300007, 203.0, 1305, 1.0 
300007, 203.0, 1305, 1.0 
300146, 204.0, 1444, 1.0 
300146, 204.0, 1444, 1.32 
300146, 204.0, 1444, 1.0 
300285, 205.0, 1583, 1.0 
300285, 205.0, 1583, 1.32 
300285, 205.0, 1583, 1.0 
300285, 205.0, 1583, 1.0 
300285, 205.0, 1583, 1.0 
300007, 203.0, 1305, 1.0 
300007, 203.0, 1305, 0.9 
299868, 202.0, 1166, 1.0 
299868, 202.0, 1166, 0.9 
300007, 203.0, 1305, 1.0 
300007, 203.0, 1305, 1.32 
300007, 203.0, 1305, 1.0 
300146, 204.0, 1444, 1.0 
300146, 204.0, 1444, 1.32 
300007, 203.0, 1305, 1.0 
매수:204.0매도:205.0305459, 203.0, 6757, 0.9 
300168, 204.0, 1466, 1.0 
300168, 204.0, 1466, 1.0 
300168, 204.0, 1466, 1.0 
300029, 203.0, 1327, 1.0 
300029, 203.0, 1327, 0.9 
300029, 203.0, 1327, 1.0 
300029, 203.0, 1327, 1.0 
300029, 203.0, 1327, 1.0 
300029, 203.0, 1327, 1.0 
300029, 203.0, 1327, 1.0 
300029, 203.0, 1327, 1.0 
300029, 203.0, 1327, 1.0 
299890, 202.0, 1188, 1.0 
299890, 202.0, 1188, 0.9 
299890, 202.0, 1188, 1.0 
299890, 202.0, 1188, 1.0 
299890, 202.0, 1188, 1.0 
299890, 202.0, 1188, 1.0 
299890, 202.0, 1188, 1.0 
299751, 201.0, 1049, 1.0 
299751, 201.0, 1049, 0.9 
299751, 201.0, 1049, 1.0 
299751, 201.0, 1049, 1.0 
299751, 201.0, 1049, 1.0 
299751, 201.0, 1049, 1.0 
299751, 201.0, 1049, 1.0 
299751, 201.0, 1049, 1.0 
299751, 201.0, 1049, 1.0 
299751, 201.0, 1049, 1.0 
299751, 201.0, 1049, 1.0 
299751, 201.0, 1049, 1.0 
299751, 201.0, 1049, 1.0 
299751, 201.0, 1049, 1.0 
299751, 201.0, 1049, 1.0 
299751, 201.0, 1049, 1.0 
299751, 201.0, 1049, 1.0 
299751, 201.0, 1049, 1.0 
299751, 201.0, 1049, 1.0 
299751, 201.0, 1049, 1.0 
299751, 201.0, 1049, 1.0 
299751, 201.0, 1049, 1.0 
299751, 201.0, 1049, 1.0 
299751, 201.0, 1049, 1.0 
299751, 201.0, 1049, 1.0 
299751, 201.0, 1049, 1.0 
299751, 201.0, 1049, 1.0 
299751, 201.0, 1049, 1.0 
299751, 201.0, 1049, 1.0 
매도:202.0매수:201.0299914, 202.0, 1212, 1.0 
299914, 202.0, 1212, 1.39 
299914, 202.0, 1212, 1.0 
299914, 202.0, 1212, 1.0 
299914, 202.0, 1212, 1.0 
299914, 202.0, 1212, 1.0 
299914, 202.0, 1212, 1.0 
299914, 202.0, 1212, 1.0 
299914, 202.0, 1212, 1.0 
299914, 202.0, 1212, 1.0 
299914, 202.0, 1212, 1.0 
매도:202.0매수:201.0299938, 202.0, 1236, 1.0 
299799, 201.0, 1097, 1.05 
299799, 201.0, 1097, 0.9 
299799, 201.0, 1097, 1.0 
299799, 201.0, 1097, 1.0 
매수:201.0매도:202.0299627, 200.0, 925, 1.0 
299627, 200.0, 925, 0.9 
299627, 200.0, 925, 1.0 
299627, 200.0, 925, 1.0 
299627, 200.0, 925, 1.0 
299627, 200.0, 925, 1.0 
299627, 200.0, 925, 1.0 
299627, 200.0, 925, 1.0 
299627, 200.0, 925, 1.0 
299627, 200.0, 925, 1.0 
299627, 200.0, 925, 1.0 
299627, 200.0, 925, 1.0 
299627, 200.0, 925, 1.0 
299627, 200.0, 925, 1.0 
299627, 200.0, 925, 1.0 
299627, 200.0, 925, 1.0 
299627, 200.0, 925, 1.0 
299627, 200.0, 925, 1.0 
299627, 200.0, 925, 1.0 
299627, 200.0, 925, 1.0 
299627, 200.0, 925, 1.0 
299627, 200.0, 925, 1.0 
299627, 200.0, 925, 1.0 
299627, 200.0, 925, 1.0 
매수:200.0매도:201.0299425, 199.0, 723, 1.0 
299425, 199.0, 723, 0.9 
매수:200.0매도:201.0299392, 199.0, 690, 1.0 
299621, 200.0, 919, 0.93 
299621, 200.0, 919, 1.59 
299621, 200.0, 919, 1.0 
299621, 200.0, 919, 1.0 
299675, 200.0, 973, 1.0 
299675, 200.0, 973, 1.12 
299675, 200.0, 973, 1.0 
299675, 200.0, 973, 1.0 
299675, 200.0, 973, 1.0 
299675, 200.0, 973, 1.0 
299675, 200.0, 973, 1.0 
299675, 200.0, 973, 1.0 
299675, 200.0, 973, 1.0 
299675, 200.0, 973, 1.0 
299675, 200.0, 973, 1.0 
299675, 200.0, 973, 1.0 
299675, 200.0, 973, 1.0 
299675, 200.0, 973, 1.0 
299675, 200.0, 973, 1.0 
299675, 200.0, 973, 1.0 
299675, 200.0, 973, 1.0 
299675, 200.0, 973, 1.0 
299675, 200.0, 973, 1.0 
299675, 200.0, 973, 1.0 
299675, 200.0, 973, 1.0 
299675, 200.0, 973, 1.0 
299675, 200.0, 973, 1.0 
299506, 199.0, 804, 1.0 
299506, 199.0, 804, 0.9 
299506, 199.0, 804, 1.0 
299506, 199.0, 804, 1.0 
299506, 199.0, 804, 1.0 
299506, 199.0, 804, 1.0 
299506, 199.0, 804, 1.0 
299506, 199.0, 804, 1.0 
299506, 199.0, 804, 1.0 
299337, 198.0, 635, 1.0 
299337, 198.0, 635, 0.9 
299337, 198.0, 635, 1.0 
299337, 198.0, 635, 1.0 
299337, 198.0, 635, 1.0 
299337, 198.0, 635, 1.0 
299337, 198.0, 635, 1.0 
매수:199.0매도:200.0299304, 198.0, 602, 1.0 
299503, 199.0, 801, 0.93 
매수:199.0매도:200.0299254, 198.0, 552, 1.5 
299498, 199.0, 796, 0.9 
299498, 199.0, 796, 1.64 
299498, 199.0, 796, 1.0 
299498, 199.0, 796, 1.0 
299498, 199.0, 796, 1.0 
299498, 199.0, 796, 1.0 
299498, 199.0, 796, 1.0 
299498, 199.0, 796, 1.0 
299498, 199.0, 796, 1.0 
299498, 199.0, 796, 1.0 
299498, 199.0, 796, 1.0 
299498, 199.0, 796, 1.0 
299498, 199.0, 796, 1.0 
299498, 199.0, 796, 1.0 
299498, 199.0, 796, 1.0 
299498, 199.0, 796, 1.0 
299498, 199.0, 796, 1.0 
299498, 199.0, 796, 1.0 
299498, 199.0, 796, 1.0 
299566, 199.0, 864, 1.0 
299566, 199.0, 864, 1.15 
299566, 199.0, 864, 1.0 
299566, 199.0, 864, 1.0 
299566, 199.0, 864, 1.0 
299566, 199.0, 864, 1.0 
299566, 199.0, 864, 1.0 
매수:199.0매도:200.0299364, 198.0, 662, 1.0 
299364, 198.0, 662, 0.9 
매수:199.0매도:200.0299331, 198.0, 629, 1.0 
299560, 199.0, 858, 0.93 
299560, 199.0, 858, 1.59 
299560, 199.0, 858, 1.0 
299560, 199.0, 858, 1.0 
299560, 199.0, 858, 1.0 
299560, 199.0, 858, 1.0 
299560, 199.0, 858, 1.0 
299560, 199.0, 858, 1.0 
299560, 199.0, 858, 1.0 
299560, 199.0, 858, 1.0 
299560, 199.0, 858, 1.0 
299560, 199.0, 858, 1.0 
299560, 199.0, 858, 1.0 
매수:199.0매도:200.0299298, 198.0, 596, 1.0 
299298, 198.0, 596, 0.9 
매수:199.0매도:200.0299265, 198.0, 563, 1.0 
299265, 198.0, 563, 0.93 
매수:199.0매도:200.0299232, 198.0, 530, 1.0 
299551, 199.0, 849, 0.93 
매수:199.0매도:200.0299169, 198.0, 467, 1.92 
299169, 198.0, 467, 0.9 
매수:199.0매도:200.0299136, 198.0, 434, 1.0 
매수:199.0매도:200.0299106, 198.0, 404, 0.93 
매수:199.0매도:200.0299076, 198.0, 374, 0.94 
매수:199.0매도:200.0299045, 198.0, 343, 0.94 
매수:199.0매도:200.0299014, 198.0, 312, 0.94 
299531, 199.0, 829, 0.94 
299531, 199.0, 829, 2.0 
299531, 199.0, 829, 1.0 
299531, 199.0, 829, 1.0 
299531, 199.0, 829, 1.0 
299531, 199.0, 829, 1.0 
299531, 199.0, 829, 1.0 
299531, 199.0, 829, 1.0 
299531, 199.0, 829, 1.0 
299531, 199.0, 829, 1.0 
299531, 199.0, 829, 1.0 
299531, 199.0, 829, 1.0 
299531, 199.0, 829, 1.0 
299531, 199.0, 829, 1.0 
299531, 199.0, 829, 1.0 
299531, 199.0, 829, 1.0 
299531, 199.0, 829, 1.0 
299531, 199.0, 829, 1.0 
299531, 199.0, 829, 1.0 
299531, 199.0, 829, 1.0 
299531, 199.0, 829, 1.0 
299531, 199.0, 829, 1.0 
299531, 199.0, 829, 1.0 
299639, 199.0, 937, 1.0 
299794, 199.0, 1092, 1.25 
299844, 199.0, 1142, 1.37 
299844, 199.0, 1142, 1.11 
299844, 199.0, 1142, 1.0 
299844, 199.0, 1142, 1.0 
299844, 199.0, 1142, 1.0 
299844, 199.0, 1142, 1.0 
299844, 199.0, 1142, 1.0 
299844, 199.0, 1142, 1.0 
299844, 199.0, 1142, 1.0 
299844, 199.0, 1142, 1.0 
299844, 199.0, 1142, 1.0 
299844, 199.0, 1142, 1.0 
299844, 199.0, 1142, 1.0 
299844, 199.0, 1142, 1.0 
299844, 199.0, 1142, 1.0 
299844, 199.0, 1142, 1.0 
299844, 199.0, 1142, 1.0 
299844, 199.0, 1142, 1.0 
299844, 199.0, 1142, 1.0 
299844, 199.0, 1142, 1.0 
299844, 199.0, 1142, 1.0 
299844, 199.0, 1142, 1.0 
299844, 199.0, 1142, 1.0 
299844, 199.0, 1142, 1.0 
299844, 199.0, 1142, 1.0 
299844, 199.0, 1142, 1.0 
299844, 199.0, 1142, 1.0 
299844, 199.0, 1142, 1.0 
299844, 199.0, 1142, 1.0 
299844, 199.0, 1142, 1.0 
299844, 199.0, 1142, 1.0 
299844, 199.0, 1142, 1.0 
299844, 199.0, 1142, 1.0 
299844, 199.0, 1142, 1.0 
299844, 199.0, 1142, 1.0 
299844, 199.0, 1142, 1.0 
299844, 199.0, 1142, 1.0 
299844, 199.0, 1142, 1.0 
299844, 199.0, 1142, 1.0 
299844, 199.0, 1142, 1.0 
299844, 199.0, 1142, 1.0 
299844, 199.0, 1142, 1.0 
299844, 199.0, 1142, 1.0 
매수:199.0매도:200.0299642, 198.0, 940, 1.0 
299642, 198.0, 940, 0.9 
매수:199.0매도:200.0299609, 198.0, 907, 1.0 
299838, 199.0, 1136, 0.93 
매수:199.0매도:200.0299558, 198.0, 856, 1.59 
299834, 199.0, 1132, 0.9 
매수:199.0매도:200.0299500, 198.0, 798, 1.75 
299500, 198.0, 798, 0.9 
매수:199.0매도:200.0299467, 198.0, 765, 1.0 
299467, 198.0, 765, 0.93 
매수:199.0매도:200.0299434, 198.0, 732, 1.0 
299434, 198.0, 732, 0.93 
299434, 198.0, 732, 1.0 
299434, 198.0, 732, 1.0 
매수:199.0매도:200.0299402, 198.0, 700, 1.0 
299402, 198.0, 700, 0.94 
299820, 199.0, 1118, 1.0 
299820, 199.0, 1118, 2.0 
299402, 198.0, 700, 1.0 
299820, 199.0, 1118, 0.9 
299820, 199.0, 1118, 2.0 
299820, 199.0, 1118, 1.0 
299820, 199.0, 1118, 1.0 
299820, 199.0, 1118, 1.0 
299820, 199.0, 1118, 1.0 
299820, 199.0, 1118, 1.0 
299820, 199.0, 1118, 1.0 
299820, 199.0, 1118, 1.0 
299820, 199.0, 1118, 1.0 
299820, 199.0, 1118, 1.0 
299820, 199.0, 1118, 1.0 
299820, 199.0, 1118, 1.0 
299820, 199.0, 1118, 1.0 
299820, 199.0, 1118, 1.0 
299820, 199.0, 1118, 1.0 
299820, 199.0, 1118, 1.0 
299820, 199.0, 1118, 1.0 
299820, 199.0, 1118, 1.0 
299820, 199.0, 1118, 1.0 
299820, 199.0, 1118, 1.0 
299820, 199.0, 1118, 1.0 
299820, 199.0, 1118, 1.0 
299820, 199.0, 1118, 1.0 
299820, 199.0, 1118, 1.0 
299820, 199.0, 1118, 1.0 
299820, 199.0, 1118, 1.0 
299820, 199.0, 1118, 1.0 
299820, 199.0, 1118, 1.0 
299820, 199.0, 1118, 1.0 
299820, 199.0, 1118, 1.0 
299820, 199.0, 1118, 1.0 
299820, 199.0, 1118, 1.0 
299820, 199.0, 1118, 1.0 
299820, 199.0, 1118, 1.0 
299820, 199.0, 1118, 1.0 
299820, 199.0, 1118, 1.0 
299820, 199.0, 1118, 1.0 
299820, 199.0, 1118, 1.0 
299820, 199.0, 1118, 1.0 
299820, 199.0, 1118, 1.0 
299820, 199.0, 1118, 1.0 
299820, 199.0, 1118, 1.0 
299820, 199.0, 1118, 1.0 
299820, 199.0, 1118, 1.0 
299820, 199.0, 1118, 1.0 
299820, 199.0, 1118, 1.0 
299820, 199.0, 1118, 1.0 
299820, 199.0, 1118, 1.0 
299820, 199.0, 1118, 1.0 
299820, 199.0, 1118, 1.0 
299820, 199.0, 1118, 1.0 
299820, 199.0, 1118, 1.0 
299820, 199.0, 1118, 1.0 
299820, 199.0, 1118, 1.0 
299820, 199.0, 1118, 1.0 
299820, 199.0, 1118, 1.0 
299820, 199.0, 1118, 1.0 
299820, 199.0, 1118, 1.0 
299820, 199.0, 1118, 1.0 
299820, 199.0, 1118, 1.0 
299820, 199.0, 1118, 1.0 
299820, 199.0, 1118, 1.0 
299820, 199.0, 1118, 1.0 
299820, 199.0, 1118, 1.0 
299820, 199.0, 1118, 1.0 
299820, 199.0, 1118, 1.0 
299820, 199.0, 1118, 1.0 
299820, 199.0, 1118, 1.0 
299820, 199.0, 1118, 1.0 
299820, 199.0, 1118, 1.0 
299820, 199.0, 1118, 1.0 
299820, 199.0, 1118, 1.0 
299820, 199.0, 1118, 1.0 
299820, 199.0, 1118, 1.0 
299820, 199.0, 1118, 1.0 
299916, 199.0, 1214, 1.0 
299916, 199.0, 1214, 1.22 
299916, 199.0, 1214, 1.0 
299916, 199.0, 1214, 1.0 
299916, 199.0, 1214, 1.0 
299916, 199.0, 1214, 1.0 
299916, 199.0, 1214, 1.0 
299916, 199.0, 1214, 1.0 
299916, 199.0, 1214, 1.0 
299916, 199.0, 1214, 1.0 
299916, 199.0, 1214, 1.0 
299916, 199.0, 1214, 1.0 
300044, 199.0, 1342, 1.0 
300044, 199.0, 1342, 1.3 
300044, 199.0, 1342, 1.0 
300044, 199.0, 1342, 1.0 
300044, 199.0, 1342, 1.0 
300044, 199.0, 1342, 1.0 
300044, 199.0, 1342, 1.0 
300044, 199.0, 1342, 1.0 
300044, 199.0, 1342, 1.0 
300044, 199.0, 1342, 1.0 
300044, 199.0, 1342, 1.0 
300044, 199.0, 1342, 1.0 
300044, 199.0, 1342, 1.0 
300044, 199.0, 1342, 1.0 
300044, 199.0, 1342, 1.0 
300044, 199.0, 1342, 1.0 
300044, 199.0, 1342, 1.0 
300044, 199.0, 1342, 1.0 
300044, 199.0, 1342, 1.0 
300044, 199.0, 1342, 1.0 
300044, 199.0, 1342, 1.0 
300044, 199.0, 1342, 1.0 
300044, 199.0, 1342, 1.0 
300044, 199.0, 1342, 1.0 
300044, 199.0, 1342, 1.0 
300044, 199.0, 1342, 1.0 
300044, 199.0, 1342, 1.0 
300044, 199.0, 1342, 1.0 
300044, 199.0, 1342, 1.0 
300044, 199.0, 1342, 1.0 
300044, 199.0, 1342, 1.0 
299875, 198.0, 1173, 1.0 
299875, 198.0, 1173, 0.9 
300044, 199.0, 1342, 1.0 
300044, 199.0, 1342, 1.41 
300044, 199.0, 1342, 1.0 
300044, 199.0, 1342, 1.0 
300044, 199.0, 1342, 1.0 
300044, 199.0, 1342, 1.0 
300044, 199.0, 1342, 1.0 
300044, 199.0, 1342, 1.0 
299875, 198.0, 1173, 1.0 
299875, 198.0, 1173, 0.9 
299875, 198.0, 1173, 1.0 
299875, 198.0, 1173, 1.0 
299875, 198.0, 1173, 1.0 
299875, 198.0, 1173, 1.0 
299875, 198.0, 1173, 1.0 
299875, 198.0, 1173, 1.0 
299875, 198.0, 1173, 1.0 
299875, 198.0, 1173, 1.0 
299875, 198.0, 1173, 1.0 
299875, 198.0, 1173, 1.0 
299875, 198.0, 1173, 1.0 
299875, 198.0, 1173, 1.0 
299875, 198.0, 1173, 1.0 
299875, 198.0, 1173, 1.0 
299875, 198.0, 1173, 1.0 
299875, 198.0, 1173, 1.0 
299875, 198.0, 1173, 1.0 
299875, 198.0, 1173, 1.0 
299875, 198.0, 1173, 1.0 
299875, 198.0, 1173, 1.0 
299875, 198.0, 1173, 1.0 
299875, 198.0, 1173, 1.0 
299875, 198.0, 1173, 1.0 
299875, 198.0, 1173, 1.0 
299875, 198.0, 1173, 1.0 
299875, 198.0, 1173, 1.0 
299875, 198.0, 1173, 1.0 
299875, 198.0, 1173, 1.0 
299875, 198.0, 1173, 1.0 
299875, 198.0, 1173, 1.0 
299875, 198.0, 1173, 1.0 
299875, 198.0, 1173, 1.0 
299875, 198.0, 1173, 1.0 
299875, 198.0, 1173, 1.0 
299875, 198.0, 1173, 1.0 
299875, 198.0, 1173, 1.0 
299875, 198.0, 1173, 1.0 
299875, 198.0, 1173, 1.0 
299875, 198.0, 1173, 1.0 
299875, 198.0, 1173, 1.0 
299875, 198.0, 1173, 1.0 
299875, 198.0, 1173, 1.0 
299875, 198.0, 1173, 1.0 
299875, 198.0, 1173, 1.0 
299875, 198.0, 1173, 1.0 
299875, 198.0, 1173, 1.0 
299875, 198.0, 1173, 1.0 
299875, 198.0, 1173, 1.0 
299875, 198.0, 1173, 1.0 
299875, 198.0, 1173, 1.0 
299875, 198.0, 1173, 1.0 
299875, 198.0, 1173, 1.0 
299875, 198.0, 1173, 1.0 
299875, 198.0, 1173, 1.0 
299875, 198.0, 1173, 1.0 
299875, 198.0, 1173, 1.0 
299875, 198.0, 1173, 1.0 
299875, 198.0, 1173, 1.0 
