-----02월 15일 15시 58분 44초----- 
-----260.0원----- 
22444, 0 
22444, 0 
22444, 0 
22444, 0 
22444, 0 
-----02월 15일 16시 01분 36초----- 
-----260.0원----- 
22444, 0 
22444, 0 
22444, 0 
22444, 0 
22444, 0 
22444, 0 
22428, -16 
22428, -16 
22428, -16 
22428, -16 
22444, 0 
22444, 0 
22444, 0 
22444, 0 
22460, 16 
22476, 32 
22476, 32 
22492, 48 
22508, 64 
22524, 80 
22540, 96 
22540, 96 
22556, 112 
22540, 96 
22540, 96 
22540, 96 
22540, 96 
22540, 96 
22540, 96 
22556, 112 
22556, 112 
22572, 128 
22572, 128 
22572, 128 
22556, 112 
22572, 128 
22588, 144 
22588, 144 
22588, 144 
22588, 144 
22620, 176 
28557, 6113 
22671, 227 
22666, 222 
22666, 222 
22666, 222 
22666, 222 
22666, 222 
22666, 222 
22666, 222 
22666, 222 
22666, 222 
22666, 222 
22666, 222 
22666, 222 
22666, 222 
22666, 222 
22666, 222 
22666, 222 
27664, 5220 
27664, 5220 
27664, 5220 
27664, 5220 
27664, 5220 
27664, 5220 
27664, 5220 
27664, 5220 
27664, 5220 
27664, 5220 
27664, 5220 
27664, 5220 
27664, 5220 
27664, 5220 
27664, 5220 
27664, 5220 
27664, 5220 
27664, 5220 
27664, 5220 
27664, 5220 
27664, 5220 
27639, 5195 
27639, 5195 
27570, 5126 
27614, 5170 
27545, 5101 
27611, 5167 
27611, 5167 
27611, 5167 
27611, 5167 
27611, 5167 
27611, 5167 
27611, 5167 
27611, 5167 
27611, 5167 
27586, 5142 
27586, 5142 
27630, 5186 
27630, 5186 
27630, 5186 
27630, 5186 
27630, 5186 
27630, 5186 
27630, 5186 
27630, 5186 
27630, 5186 
27630, 5186 
27630, 5186 
27630, 5186 
27630, 5186 
27630, 5186 
27674, 5230 
27674, 5230 
27674, 5230 
27737, 5293 
27781, 5337 
27781, 5337 
27781, 5337 
27759, 5315 
27759, 5315 
27759, 5315 
27737, 5293 
27737, 5293 
27737, 5293 
27737, 5293 
27737, 5293 
27759, 5315 
27781, 5337 
27781, 5337 
27803, 5359 
27819, 5375 
27819, 5375 
27819, 5375 
27819, 5375 
27819, 5375 
27819, 5375 
27819, 5375 
27841, 5397 
27819, 5375 
27797, 5353 
27797, 5353 
27797, 5353 
27797, 5353 
27797, 5353 
27775, 5331 
27775, 5331 
27775, 5331 
27775, 5331 
27775, 5331 
27775, 5331 
27797, 5353 
27797, 5353 
27797, 5353 
27819, 5375 
27819, 5375 
27819, 5375 
27819, 5375 
27819, 5375 
27819, 5375 
27819, 5375 
27819, 5375 
27819, 5375 
27819, 5375 
27819, 5375 
27819, 5375 
27819, 5375 
27819, 5375 
27841, 5397 
27841, 5397 
27863, 5419 
27907, 5463 
27907, 5463 
27929, 5485 
27929, 5485 
27904, 5460 
27904, 5460 
27904, 5460 
27904, 5460 
27920, 5476 
27961, 5517 
27961, 5517 
28005, 5561 
27958, 5514 
28002, 5558 
28021, 5577 
28021, 5577 
34310, 11866 
28059, 5615 
28012, 5568 
27987, 5543 
28009, 5565 
27987, 5543 
27965, 5521 
27987, 5543 
27987, 5543 
27965, 5521 
27917, 5473 
27961, 5517 
28005, 5561 
28005, 5561 
28005, 5561 
28005, 5561 
28024, 5580 
27977, 5533 
27977, 5533 
27933, 5489 
27933, 5489 
27993, 5549 
27949, 5505 
27949, 5505 
27993, 5549 
27993, 5549 
27993, 5549 
27993, 5549 
27949, 5505 
27949, 5505 
27949, 5505 
27949, 5505 
27949, 5505 
27949, 5505 
27993, 5549 
27993, 5549 
27993, 5549 
27993, 5549 
27993, 5549 
27993, 5549 
27993, 5549 
27993, 5549 
28009, 5565 
28009, 5565 
27965, 5521 
27965, 5521 
27965, 5521 
27965, 5521 
27921, 5477 
27921, 5477 
27984, 5540 
27937, 5493 
27868, 5424 
27934, 5490 
27868, 5424 
27802, 5358 
27736, 5292 
27736, 5292 
27670, 5226 
27736, 5292 
27736, 5292 
27736, 5292 
27736, 5292 
27736, 5292 
27736, 5292 
27736, 5292 
27802, 5358 
27868, 5424 
27953, 5509 
27953, 5509 
27909, 5465 
27953, 5509 
27953, 5509 
27909, 5465 
27953, 5509 
27953, 5509 
27925, 5481 
27881, 5437 
27925, 5481 
27881, 5437 
27925, 5481 
27925, 5481 
27925, 5481 
27925, 5481 
27925, 5481 
27925, 5481 
27925, 5481 
27925, 5481 
27925, 5481 
27925, 5481 
27925, 5481 
27925, 5481 
27881, 5437 
27881, 5437 
27881, 5437 
27881, 5437 
27881, 5437 
27881, 5437 
27881, 5437 
27881, 5437 
27837, 5393 
27837, 5393 
27881, 5437 
27881, 5437 
27881, 5437 
27837, 5393 
27837, 5393 
27837, 5393 
27837, 5393 
27837, 5393 
27881, 5437 
27881, 5437 
27881, 5437 
27881, 5437 
27925, 5481 
27969, 5525 
27969, 5525 
28013, 5569 
28013, 5569 
28057, 5613 
28057, 5613 
28013, 5569 
28013, 5569 
28013, 5569 
28013, 5569 
27969, 5525 
27969, 5525 
27925, 5481 
27856, 5412 
27985, 5541 
27941, 5497 
27941, 5497 
27985, 5541 
27985, 5541 
27985, 5541 
27985, 5541 
28048, 5604 
28001, 5557 
28001, 5557 
27957, 5513 
27957, 5513 
27957, 5513 
27957, 5513 
27913, 5469 
27869, 5425 
27825, 5381 
27800, 5356 
27734, 5290 
27709, 5265 
27709, 5265 
27709, 5265 
27709, 5265 
27709, 5265 
27835, 5391 
27835, 5391 
27835, 5391 
27835, 5391 
27791, 5347 
27791, 5347 
27791, 5347 
27835, 5391 
27879, 5435 
27879, 5435 
27879, 5435 
27876, 5432 
27898, 5454 
27898, 5454 
27898, 5454 
27898, 5454 
27876, 5432 
27876, 5432 
27876, 5432 
27876, 5432 
27876, 5432 
27876, 5432 
27876, 5432 
27876, 5432 
27876, 5432 
27854, 5410 
27876, 5432 
27854, 5410 
27854, 5410 
27854, 5410 
27854, 5410 
27854, 5410 
27876, 5432 
27876, 5432 
27898, 5454 
27876, 5432 
27898, 5454 
27876, 5432 
27876, 5432 
27876, 5432 
27898, 5454 
27898, 5454 
27898, 5454 
27898, 5454 
27898, 5454 
27898, 5454 
27898, 5454 
27898, 5454 
27876, 5432 
27876, 5432 
27876, 5432 
27876, 5432 
27876, 5432 
27876, 5432 
27876, 5432 
27876, 5432 
27854, 5410 
27876, 5432 
27876, 5432 
27854, 5410 
27876, 5432 
27876, 5432 
27876, 5432 
27876, 5432 
27876, 5432 
27876, 5432 
27876, 5432 
27876, 5432 
27854, 5410 
27854, 5410 
27854, 5410 
27854, 5410 
27854, 5410 
27854, 5410 
27854, 5410 
27854, 5410 
27854, 5410 
27854, 5410 
27854, 5410 
27854, 5410 
27854, 5410 
27854, 5410 
27854, 5410 
27854, 5410 
27854, 5410 
27854, 5410 
27854, 5410 
27854, 5410 
27854, 5410 
27854, 5410 
27854, 5410 
27854, 5410 
27854, 5410 
27854, 5410 
27854, 5410 
27854, 5410 
27854, 5410 
27854, 5410 
27854, 5410 
27854, 5410 
27854, 5410 
27854, 5410 
27854, 5410 
27854, 5410 
27854, 5410 
27854, 5410 
27854, 5410 
27832, 5388 
27854, 5410 
27854, 5410 
27854, 5410 
27854, 5410 
27854, 5410 
27854, 5410 
27854, 5410 
27854, 5410 
27832, 5388 
27854, 5410 
27876, 5432 
27876, 5432 
27876, 5432 
27876, 5432 
27876, 5432 
27854, 5410 
27854, 5410 
27854, 5410 
27854, 5410 
27854, 5410 
27854, 5410 
27854, 5410 
27876, 5432 
27876, 5432 
27876, 5432 
27876, 5432 
27876, 5432 
27876, 5432 
27876, 5432 
27876, 5432 
27876, 5432 
27876, 5432 
27854, 5410 
27810, 5366 
27763, 5319 
27851, 5407 
27851, 5407 
27851, 5407 
27851, 5407 
27851, 5407 
27851, 5407 
27851, 5407 
27851, 5407 
27851, 5407 
27851, 5407 
27851, 5407 
27851, 5407 
27851, 5407 
27851, 5407 
27870, 5426 
27870, 5426 
27892, 5448 
27914, 5470 
27936, 5492 
27936, 5492 
27936, 5492 
27936, 5492 
27936, 5492 
27914, 5470 
27936, 5492 
27936, 5492 
27914, 5470 
27914, 5470 
27914, 5470 
27936, 5492 
27914, 5470 
27936, 5492 
27936, 5492 
27936, 5492 
27936, 5492 
27936, 5492 
27936, 5492 
27936, 5492 
27936, 5492 
27936, 5492 
27936, 5492 
27914, 5470 
27914, 5470 
27936, 5492 
27936, 5492 
27936, 5492 
27914, 5470 
27914, 5470 
27892, 5448 
27892, 5448 
27892, 5448 
27870, 5426 
27870, 5426 
27870, 5426 
27870, 5426 
27892, 5448 
27892, 5448 
27870, 5426 
27892, 5448 
27914, 5470 
27914, 5470 
27914, 5470 
27914, 5470 
27914, 5470 
27914, 5470 
27914, 5470 
27914, 5470 
27936, 5492 
27914, 5470 
27914, 5470 
27914, 5470 
27914, 5470 
27867, 5423 
27911, 5467 
27842, 5398 
27908, 5464 
27908, 5464 
27842, 5398 
27908, 5464 
27842, 5398 
27908, 5464 
27927, 5483 
27945, 5501 
27945, 5501 
27945, 5501 
27945, 5501 
27967, 5523 
27967, 5523 
27967, 5523 
27967, 5523 
27967, 5523 
27967, 5523 
27967, 5523 
27967, 5523 
27945, 5501 
27967, 5523 
27945, 5501 
27945, 5501 
27945, 5501 
27945, 5501 
27945, 5501 
27945, 5501 
27945, 5501 
27945, 5501 
27945, 5501 
27945, 5501 
27945, 5501 
27945, 5501 
27923, 5479 
27923, 5479 
27923, 5479 
27923, 5479 
27923, 5479 
27923, 5479 
27923, 5479 
27923, 5479 
27923, 5479 
33860, 11416 
27920, 5476 
27870, 5426 
27914, 5470 
27914, 5470 
33829, 11385 
27845, 5401 
27811, 5367 
27811, 5367 
27811, 5367 
27833, 5389 
27833, 5389 
27811, 5367 
27833, 5389 
27833, 5389 
27833, 5389 
27833, 5389 
27833, 5389 
27833, 5389 
27852, 5408 
27852, 5408 
27852, 5408 
27852, 5408 
27852, 5408 
27852, 5408 
27852, 5408 
27852, 5408 
27852, 5408 
27852, 5408 
27852, 5408 
27852, 5408 
27852, 5408 
27852, 5408 
27852, 5408 
27852, 5408 
27852, 5408 
27852, 5408 
27852, 5408 
27852, 5408 
27852, 5408 
27852, 5408 
27852, 5408 
27852, 5408 
27852, 5408 
27852, 5408 
27852, 5408 
27852, 5408 
27852, 5408 
27852, 5408 
27852, 5408 
27852, 5408 
27852, 5408 
27852, 5408 
27852, 5408 
27852, 5408 
27852, 5408 
27852, 5408 
27852, 5408 
27852, 5408 
27852, 5408 
27852, 5408 
27852, 5408 
27852, 5408 
27852, 5408 
27852, 5408 
27852, 5408 
27852, 5408 
27852, 5408 
27852, 5408 
27852, 5408 
27852, 5408 
27852, 5408 
27852, 5408 
27852, 5408 
27852, 5408 
27852, 5408 
27852, 5408 
27852, 5408 
27852, 5408 
27852, 5408 
27852, 5408 
27852, 5408 
27852, 5408 
27852, 5408 
27852, 5408 
27852, 5408 
27852, 5408 
27852, 5408 
27852, 5408 
27852, 5408 
27852, 5408 
27852, 5408 
27852, 5408 
27852, 5408 
27852, 5408 
27852, 5408 
27852, 5408 
27852, 5408 
27852, 5408 
27852, 5408 
27852, 5408 
27852, 5408 
27852, 5408 
27852, 5408 
27827, 5383 
27849, 5405 
27849, 5405 
27849, 5405 
27868, 5424 
27868, 5424 
27868, 5424 
27868, 5424 
27868, 5424 
27868, 5424 
27868, 5424 
27868, 5424 
27868, 5424 
27868, 5424 
27868, 5424 
27868, 5424 
27868, 5424 
27868, 5424 
27868, 5424 
27868, 5424 
27868, 5424 
27868, 5424 
27843, 5399 
27843, 5399 
27818, 5374 
27818, 5374 
27818, 5374 
27750, 5306 
27684, 5240 
27593, 5149 
27681, 5237 
27675, 5231 
27675, 5231 
27675, 5231 
27763, 5319 
27763, 5319 
27763, 5319 
27763, 5319 
27848, 5404 
27757, 5313 
27757, 5313 
27757, 5313 
27757, 5313 
27757, 5313 
27845, 5401 
27845, 5401 
27864, 5420 
27864, 5420 
27864, 5420 
27864, 5420 
27798, 5354 
27798, 5354 
27798, 5354 
27798, 5354 
27707, 5263 
27707, 5263 
27707, 5263 
27707, 5263 
27707, 5263 
27707, 5263 
27707, 5263 
27707, 5263 
27707, 5263 
27619, 5175 
27707, 5263 
27619, 5175 
27619, 5175 
27619, 5175 
27619, 5175 
27619, 5175 
27531, 5087 
27619, 5175 
27707, 5263 
27707, 5263 
27707, 5263 
27707, 5263 
27707, 5263 
27707, 5263 
27707, 5263 
27619, 5175 
27619, 5175 
27443, 4999 
27443, 4999 
27443, 4999 
27443, 4999 
27443, 4999 
27355, 4911 
27267, 4823 
27179, 4735 
27179, 4735 
27179, 4735 
27355, 4911 
27267, 4823 
27355, 4911 
27355, 4911 
27443, 4999 
27443, 4999 
27443, 4999 
27443, 4999 
27619, 5175 
27619, 5175 
27619, 5175 
27619, 5175 
27531, 5087 
27531, 5087 
27531, 5087 
27531, 5087 
27443, 4999 
27443, 4999 
27531, 5087 
27531, 5087 
27443, 4999 
27355, 4911 
27267, 4823 
27267, 4823 
27179, 4735 
27167, 4723 
27167, 4723 
27142, 4698 
27164, 4720 
27164, 4720 
27142, 4698 
27117, 4673 
27161, 4717 
27092, 4648 
27158, 4714 
27158, 4714 
27172, 4728 
27172, 4728 
27191, 4747 
27191, 4747 
27191, 4747 
27213, 4769 
27166, 4722 
27210, 4766 
27166, 4722 
27210, 4766 
27210, 4766 
27210, 4766 
27210, 4766 
27210, 4766 
27248, 4804 
27223, 4779 
27245, 4801 
27245, 4801 
27245, 4801 
27264, 4820 
27264, 4820 
27264, 4820 
27264, 4820 
27264, 4820 
27264, 4820 
27264, 4820 
27264, 4820 
27264, 4820 
27264, 4820 
27264, 4820 
27264, 4820 
27264, 4820 
27264, 4820 
27264, 4820 
27264, 4820 
27264, 4820 
27264, 4820 
27264, 4820 
27264, 4820 
27264, 4820 
27264, 4820 
27264, 4820 
27264, 4820 
27264, 4820 
27264, 4820 
27264, 4820 
27264, 4820 
27264, 4820 
27264, 4820 
27264, 4820 
27264, 4820 
27264, 4820 
27264, 4820 
27264, 4820 
27264, 4820 
27264, 4820 
27264, 4820 
27264, 4820 
27264, 4820 
27264, 4820 
27264, 4820 
27264, 4820 
27264, 4820 
27264, 4820 
27264, 4820 
27264, 4820 
27264, 4820 
27264, 4820 
27264, 4820 
27264, 4820 
27264, 4820 
27264, 4820 
27264, 4820 
27264, 4820 
27264, 4820 
27264, 4820 
27264, 4820 
27264, 4820 
27264, 4820 
27264, 4820 
27264, 4820 
27264, 4820 
27264, 4820 
27264, 4820 
27264, 4820 
27264, 4820 
27264, 4820 
27239, 4795 
27261, 4817 
27261, 4817 
27261, 4817 
27261, 4817 
27261, 4817 
27261, 4817 
27261, 4817 
27261, 4817 
27261, 4817 
27214, 4770 
27214, 4770 
27189, 4745 
27189, 4745 
27164, 4720 
27164, 4720 
27164, 4720 
27164, 4720 
27252, 4808 
27252, 4808 
27252, 4808 
27252, 4808 
27164, 4720 
27164, 4720 
27164, 4720 
27076, 4632 
27076, 4632 
27076, 4632 
27164, 4720 
27164, 4720 
27076, 4632 
27076, 4632 
27076, 4632 
26988, 4544 
26988, 4544 
26988, 4544 
26988, 4544 
26988, 4544 
26988, 4544 
26988, 4544 
27076, 4632 
26988, 4544 
27076, 4632 
26988, 4544 
26988, 4544 
26988, 4544 
26988, 4544 
26988, 4544 
26900, 4456 
26988, 4544 
26988, 4544 
26900, 4456 
26900, 4456 
26900, 4456 
26900, 4456 
26900, 4456 
26812, 4368 
26812, 4368 
26900, 4456 
26900, 4456 
26900, 4456 
26988, 4544 
26988, 4544 
26900, 4456 
26900, 4456 
26988, 4544 
26988, 4544 
26988, 4544 
26988, 4544 
26988, 4544 
26988, 4544 
26988, 4544 
27076, 4632 
26988, 4544 
26988, 4544 
26988, 4544 
26988, 4544 
26988, 4544 
26988, 4544 
26988, 4544 
26988, 4544 
26988, 4544 
27076, 4632 
27076, 4632 
27076, 4632 
27076, 4632 
27076, 4632 
27076, 4632 
27076, 4632 
27076, 4632 
27076, 4632 
27076, 4632 
27076, 4632 
27076, 4632 
27076, 4632 
27076, 4632 
27076, 4632 
27076, 4632 
27076, 4632 
27076, 4632 
26988, 4544 
26988, 4544 
26988, 4544 
26988, 4544 
27076, 4632 
27076, 4632 
27076, 4632 
27076, 4632 
27076, 4632 
27076, 4632 
27076, 4632 
27076, 4632 
27076, 4632 
27076, 4632 
27076, 4632 
27076, 4632 
27164, 4720 
27164, 4720 
27250, 4806 
27250, 4806 
27250, 4806 
27250, 4806 
27250, 4806 
27250, 4806 
27307, 4863 
27307, 4863 
27282, 4838 
27282, 4838 
27304, 4860 
27304, 4860 
27304, 4860 
27304, 4860 
27304, 4860 
27304, 4860 
27282, 4838 
27304, 4860 
27323, 4879 
27323, 4879 
27323, 4879 
27323, 4879 
27323, 4879 
27323, 4879 
27323, 4879 
27323, 4879 
27323, 4879 
27323, 4879 
27323, 4879 
27323, 4879 
27323, 4879 
27323, 4879 
27323, 4879 
27323, 4879 
27323, 4879 
27323, 4879 
27323, 4879 
27323, 4879 
27323, 4879 
27323, 4879 
27323, 4879 
27323, 4879 
27323, 4879 
27323, 4879 
27323, 4879 
27323, 4879 
27323, 4879 
27323, 4879 
27323, 4879 
27323, 4879 
33194, 10750 
27298, 4854 
27270, 4826 
27292, 4848 
27270, 4826 
27270, 4826 
27248, 4804 
27270, 4826 
27270, 4826 
27223, 4779 
27223, 4779 
33072, 10628 
27264, 4820 
27211, 4767 
27255, 4811 
27186, 4742 
27252, 4808 
27186, 4742 
33036, 10592 
27162, 4718 
27150, 4706 
27150, 4706 
27150, 4706 
27150, 4706 
27150, 4706 
27150, 4706 
27150, 4706 
27150, 4706 
27150, 4706 
27125, 4681 
27125, 4681 
27100, 4656 
27100, 4656 
27100, 4656 
27056, 4612 
27056, 4612 
27056, 4612 
27056, 4612 
27056, 4612 
27100, 4656 
27100, 4656 
27100, 4656 
27100, 4656 
27100, 4656 
27056, 4612 
27056, 4612 
27056, 4612 
27056, 4612 
27100, 4656 
27100, 4656 
27056, 4612 
27100, 4656 
27100, 4656 
27100, 4656 
27100, 4656 
27100, 4656 
27100, 4656 
27100, 4656 
27100, 4656 
27100, 4656 
27100, 4656 
27100, 4656 
27100, 4656 
27144, 4700 
27163, 4719 
27163, 4719 
27163, 4719 
27141, 4697 
27141, 4697 
27141, 4697 
27141, 4697 
27141, 4697 
27163, 4719 
27141, 4697 
27141, 4697 
27141, 4697 
27141, 4697 
27141, 4697 
27141, 4697 
27141, 4697 
27141, 4697 
27141, 4697 
27141, 4697 
27141, 4697 
27141, 4697 
27182, 4738 
27182, 4738 
27182, 4738 
27182, 4738 
27182, 4738 
27182, 4738 
27182, 4738 
27182, 4738 
27182, 4738 
27182, 4738 
27182, 4738 
27182, 4738 
27182, 4738 
27182, 4738 
27182, 4738 
27182, 4738 
27182, 4738 
27182, 4738 
27182, 4738 
27182, 4738 
27182, 4738 
27182, 4738 
27182, 4738 
27182, 4738 
27182, 4738 
27182, 4738 
27182, 4738 
27182, 4738 
27182, 4738 
27182, 4738 
27182, 4738 
27182, 4738 
27182, 4738 
27182, 4738 
27182, 4738 
27182, 4738 
27182, 4738 
27182, 4738 
27182, 4738 
27182, 4738 
27182, 4738 
27182, 4738 
27182, 4738 
27182, 4738 
27182, 4738 
27182, 4738 
27182, 4738 
27182, 4738 
27182, 4738 
27182, 4738 
27182, 4738 
27182, 4738 
27182, 4738 
27182, 4738 
27182, 4738 
27182, 4738 
27182, 4738 
27182, 4738 
27182, 4738 
27182, 4738 
27182, 4738 
27182, 4738 
27182, 4738 
27182, 4738 
27182, 4738 
27182, 4738 
27182, 4738 
27182, 4738 
27182, 4738 
27182, 4738 
27182, 4738 
27182, 4738 
27182, 4738 
27182, 4738 
27182, 4738 
27182, 4738 
27182, 4738 
27182, 4738 
27182, 4738 
27182, 4738 
27182, 4738 
27182, 4738 
27182, 4738 
27182, 4738 
27182, 4738 
27182, 4738 
27182, 4738 
27182, 4738 
27182, 4738 
27182, 4738 
27182, 4738 
27182, 4738 
27182, 4738 
27182, 4738 
27182, 4738 
27182, 4738 
27182, 4738 
27182, 4738 
27182, 4738 
27182, 4738 
27182, 4738 
27182, 4738 
27182, 4738 
27182, 4738 
27182, 4738 
27182, 4738 
27182, 4738 
27182, 4738 
27182, 4738 
27182, 4738 
27182, 4738 
27182, 4738 
27182, 4738 
27182, 4738 
27182, 4738 
27182, 4738 
27182, 4738 
27182, 4738 
27182, 4738 
27182, 4738 
27182, 4738 
27182, 4738 
27182, 4738 
27182, 4738 
27182, 4738 
27182, 4738 
27157, 4713 
27157, 4713 
27157, 4713 
27157, 4713 
27157, 4713 
27157, 4713 
27179, 4735 
27157, 4713 
27157, 4713 
27157, 4713 
27157, 4713 
27157, 4713 
27157, 4713 
27135, 4691 
27157, 4713 
27157, 4713 
27157, 4713 
27132, 4688 
27132, 4688 
27132, 4688 
27132, 4688 
27132, 4688 
27176, 4732 
27132, 4688 
27132, 4688 
27132, 4688 
27132, 4688 
27132, 4688 
27132, 4688 
27132, 4688 
27132, 4688 
27176, 4732 
27176, 4732 
27176, 4732 
27132, 4688 
27176, 4732 
27107, 4663 
27173, 4729 
27173, 4729 
27173, 4729 
27192, 4748 
27230, 4786 
27230, 4786 
27230, 4786 
27230, 4786 
27230, 4786 
27230, 4786 
27230, 4786 
27230, 4786 
27230, 4786 
27230, 4786 
27230, 4786 
27230, 4786 
27230, 4786 
27230, 4786 
27230, 4786 
27230, 4786 
27230, 4786 
27230, 4786 
27230, 4786 
27230, 4786 
27230, 4786 
27230, 4786 
27230, 4786 
27230, 4786 
27230, 4786 
27230, 4786 
27230, 4786 
27230, 4786 
27230, 4786 
27230, 4786 
27230, 4786 
27230, 4786 
27230, 4786 
27230, 4786 
27230, 4786 
27230, 4786 
27230, 4786 
27230, 4786 
27230, 4786 
27230, 4786 
27230, 4786 
27230, 4786 
27230, 4786 
27230, 4786 
27230, 4786 
27230, 4786 
27230, 4786 
27230, 4786 
27230, 4786 
27230, 4786 
27230, 4786 
27230, 4786 
27230, 4786 
27230, 4786 
27230, 4786 
27230, 4786 
27230, 4786 
27230, 4786 
27230, 4786 
27230, 4786 
27230, 4786 
27230, 4786 
27230, 4786 
27230, 4786 
27230, 4786 
27230, 4786 
27230, 4786 
27230, 4786 
27230, 4786 
27230, 4786 
27230, 4786 
27230, 4786 
27230, 4786 
27230, 4786 
27230, 4786 
27230, 4786 
27230, 4786 
27230, 4786 
27230, 4786 
27230, 4786 
27230, 4786 
27230, 4786 
27230, 4786 
27230, 4786 
27230, 4786 
27230, 4786 
27230, 4786 
27230, 4786 
27230, 4786 
27230, 4786 
27230, 4786 
27230, 4786 
27230, 4786 
27230, 4786 
27230, 4786 
27230, 4786 
27230, 4786 
27230, 4786 
27230, 4786 
27230, 4786 
27230, 4786 
27230, 4786 
27230, 4786 
27230, 4786 
27230, 4786 
27230, 4786 
27230, 4786 
27230, 4786 
27230, 4786 
27230, 4786 
27230, 4786 
27230, 4786 
27230, 4786 
27230, 4786 
27230, 4786 
27230, 4786 
27230, 4786 
27230, 4786 
27230, 4786 
27230, 4786 
27230, 4786 
27230, 4786 
27230, 4786 
27230, 4786 
27230, 4786 
27230, 4786 
27230, 4786 
27230, 4786 
27230, 4786 
27230, 4786 
27230, 4786 
27230, 4786 
27230, 4786 
27230, 4786 
27230, 4786 
27230, 4786 
27230, 4786 
27230, 4786 
27230, 4786 
27230, 4786 
27230, 4786 
27230, 4786 
27230, 4786 
27230, 4786 
27230, 4786 
27230, 4786 
27230, 4786 
27230, 4786 
27230, 4786 
27230, 4786 
27230, 4786 
27230, 4786 
27230, 4786 
27230, 4786 
27230, 4786 
27230, 4786 
27230, 4786 
27230, 4786 
27230, 4786 
27230, 4786 
27230, 4786 
27230, 4786 
27206, 4762 
27206, 4762 
27206, 4762 
27181, 4737 
27181, 4737 
33008, 10564 
27222, 4778 
27216, 4772 
27216, 4772 
27216, 4772 
27216, 4772 
27216, 4772 
27216, 4772 
27216, 4772 
27194, 4750 
27194, 4750 
27194, 4750 
27194, 4750 
27194, 4750 
27194, 4750 
27194, 4750 
27194, 4750 
27194, 4750 
27194, 4750 
27194, 4750 
27194, 4750 
27194, 4750 
27194, 4750 
27194, 4750 
27194, 4750 
27194, 4750 
27194, 4750 
27194, 4750 
27194, 4750 
27194, 4750 
27194, 4750 
27194, 4750 
27194, 4750 
27194, 4750 
27194, 4750 
27194, 4750 
27194, 4750 
27194, 4750 
27194, 4750 
27194, 4750 
27216, 4772 
27216, 4772 
27194, 4750 
27216, 4772 
27216, 4772 
27216, 4772 
27216, 4772 
27194, 4750 
27216, 4772 
27194, 4750 
27194, 4750 
27194, 4750 
27194, 4750 
27194, 4750 
27172, 4728 
27172, 4728 
27172, 4728 
27172, 4728 
27150, 4706 
32889, 10445 
27103, 4659 
27144, 4700 
27122, 4678 
27122, 4678 
27097, 4653 
27141, 4697 
27141, 4697 
27141, 4697 
27141, 4697 
27141, 4697 
27072, 4628 
27072, 4628 
27047, 4603 
27047, 4603 
27047, 4603 
27047, 4603 
27047, 4603 
27135, 4691 
27047, 4603 
27047, 4603 
27047, 4603 
27047, 4603 
27135, 4691 
27063, 4619 
27151, 4707 
27063, 4619 
27063, 4619 
27063, 4619 
27171, 4727 
27080, 4636 
27080, 4636 
27080, 4636 
27080, 4636 
27080, 4636 
27168, 4724 
27168, 4724 
27168, 4724 
27168, 4724 
27168, 4724 
27206, 4762 
27244, 4800 
27244, 4800 
27244, 4800 
27244, 4800 
27244, 4800 
27244, 4800 
27244, 4800 
27244, 4800 
27244, 4800 
27244, 4800 
27244, 4800 
27219, 4775 
27219, 4775 
27194, 4750 
27194, 4750 
27169, 4725 
27169, 4725 
27144, 4700 
27144, 4700 
27144, 4700 
27144, 4700 
27144, 4700 
27144, 4700 
27144, 4700 
27144, 4700 
27144, 4700 
27144, 4700 
27144, 4700 
27144, 4700 
27144, 4700 
27144, 4700 
27144, 4700 
27144, 4700 
27144, 4700 
27144, 4700 
27144, 4700 
27144, 4700 
27144, 4700 
27144, 4700 
27144, 4700 
27144, 4700 
27144, 4700 
27144, 4700 
27144, 4700 
27144, 4700 
27232, 4788 
27232, 4788 
27232, 4788 
27232, 4788 
27265, 4821 
27284, 4840 
27284, 4840 
27237, 4793 
27237, 4793 
27237, 4793 
27237, 4793 
27237, 4793 
27237, 4793 
27237, 4793 
27193, 4749 
27193, 4749 
27168, 4724 
27168, 4724 
27077, 4633 
27077, 4633 
27077, 4633 
27077, 4633 
27077, 4633 
27077, 4633 
27077, 4633 
27077, 4633 
27165, 4721 
27077, 4633 
27077, 4633 
27165, 4721 
27165, 4721 
27077, 4633 
27165, 4721 
27077, 4633 
27077, 4633 
27077, 4633 
27077, 4633 
27077, 4633 
27077, 4633 
27077, 4633 
27077, 4633 
27077, 4633 
27165, 4721 
27165, 4721 
27165, 4721 
27077, 4633 
27077, 4633 
27077, 4633 
27165, 4721 
27203, 4759 
27203, 4759 
27203, 4759 
27203, 4759 
27203, 4759 
27247, 4803 
27247, 4803 
27203, 4759 
27247, 4803 
27203, 4759 
27203, 4759 
27203, 4759 
27203, 4759 
27203, 4759 
27203, 4759 
27203, 4759 
27203, 4759 
27203, 4759 
27203, 4759 
27247, 4803 
27247, 4803 
27247, 4803 
27247, 4803 
27247, 4803 
27203, 4759 
27247, 4803 
27247, 4803 
27247, 4803 
27247, 4803 
27247, 4803 
27247, 4803 
27203, 4759 
27203, 4759 
27203, 4759 
27203, 4759 
27203, 4759 
27203, 4759 
27203, 4759 
27203, 4759 
27203, 4759 
27203, 4759 
27203, 4759 
27203, 4759 
27203, 4759 
27203, 4759 
27203, 4759 
27203, 4759 
27203, 4759 
27203, 4759 
27247, 4803 
27247, 4803 
27247, 4803 
27247, 4803 
27266, 4822 
27288, 4844 
27288, 4844 
27288, 4844 
27288, 4844 
27288, 4844 
27288, 4844 
27288, 4844 
27266, 4822 
27288, 4844 
27288, 4844 
27266, 4822 
27266, 4822 
27266, 4822 
27266, 4822 
27266, 4822 
27266, 4822 
27266, 4822 
27266, 4822 
27266, 4822 
27266, 4822 
27266, 4822 
27266, 4822 
27266, 4822 
27266, 4822 
27266, 4822 
27241, 4797 
27285, 4841 
27327, 4883 
27305, 4861 
27305, 4861 
27305, 4861 
27305, 4861 
27327, 4883 
27346, 4902 
27346, 4902 
27346, 4902 
27346, 4902 
27346, 4902 
27346, 4902 
27346, 4902 
27346, 4902 
27346, 4902 
27346, 4902 
27346, 4902 
27346, 4902 
27346, 4902 
27346, 4902 
27346, 4902 
27346, 4902 
27346, 4902 
27346, 4902 
27346, 4902 
27346, 4902 
27346, 4902 
27346, 4902 
27346, 4902 
27346, 4902 
27346, 4902 
27346, 4902 
27346, 4902 
27346, 4902 
27346, 4902 
27346, 4902 
27346, 4902 
27346, 4902 
27346, 4902 
27346, 4902 
27346, 4902 
27346, 4902 
27346, 4902 
27346, 4902 
27346, 4902 
27346, 4902 
27346, 4902 
27346, 4902 
27346, 4902 
27346, 4902 
27346, 4902 
27346, 4902 
27346, 4902 
27346, 4902 
27346, 4902 
27346, 4902 
27346, 4902 
27346, 4902 
27346, 4902 
27346, 4902 
27346, 4902 
27346, 4902 
27346, 4902 
27346, 4902 
27346, 4902 
27346, 4902 
27346, 4902 
27346, 4902 
27346, 4902 
27346, 4902 
27346, 4902 
27346, 4902 
27346, 4902 
27346, 4902 
27346, 4902 
27346, 4902 
27346, 4902 
27346, 4902 
27346, 4902 
27346, 4902 
27346, 4902 
27346, 4902 
27346, 4902 
27346, 4902 
27346, 4902 
27346, 4902 
27346, 4902 
27346, 4902 
27346, 4902 
27346, 4902 
27346, 4902 
27346, 4902 
27346, 4902 
27346, 4902 
27346, 4902 
